X,Y,Z,MapID,MobType,ScriptName
346,107,0,7,10,tanks
308,85,0,7,10,ballard
326,154,0,7,10,willy
183,173,0,2,184,
136,191,0,2,184,
11,95,0,2,184,
159,87,0,2,11,
159,90,0,2,11,
156,92,0,2,11,
157,88,0,2,11,
159,92,0,2,11,
158,88,0,2,11,
158,89,0,2,11,
130,121,0,2,11,
128,121,0,2,11,
128,122,0,2,11,
128,117,0,2,11,
129,117,0,2,11,
158,124,0,2,11,
130,73,0,2,11,
133,75,0,2,11,
139,79,0,2,11,
135,79,0,2,11,
140,127,0,2,11,
149,108,0,2,11,
159,125,0,2,11,
140,108,0,2,11,
156,125,0,2,11,
141,94,0,2,11,
289,171,0,4,10,spy9
135,296,0,5,10,lahi
443,29,0,5,10,
405,79,0,5,10,
386,111,0,5,10,
404,76,0,5,10,
314,363,0,7,10,petaro
297,371,0,7,10,tinkergoldswoth
320,399,0,7,10,ohjay
328,108,0,7,10,duelZoneSign
160,179,0,7,10,george
283,60,0,7,10,zer2
319,120,0,7,10,dustin
324,75,0,7,10,frodo
303,53,0,7,10,karla
362,125,0,7,10,
332,141,0,7,10,
356,8,0,7,11,
338,56,0,7,10,
347,15,0,7,11,
283,70,0,7,10,
361,11,0,7,11,
351,5,0,7,11,
331,12,0,7,11,
232,8,0,7,11,
375,14,0,7,11,
346,104,0,7,10,miranda
364,22,0,7,11,
305,135,0,7,10,
104,282,0,7,10,
121,309,0,7,10,
282,83,0,7,10,
336,48,0,7,10,
481,86,0,7,10,
393,51,0,7,10,
295,88,0,7,10,spy13
391,98,0,7,10,
402,110,0,7,10,Rick
473,90,0,7,10,
307,69,0,7,10,roger
172,184,0,7,10,
380,125,0,7,10,
318,59,0,7,10,valourcountess
134,200,0,7,10,
288,283,0,7,10,
166,65,0,7,10,
260,108,0,7,10,
301,89,0,7,10,
319,120,0,7,10,
279,205,0,7,10,
376,165,0,7,10,
396,155,0,7,10,
318,56,0,7,10,valourassistant
384,97,0,7,10,
145,180,0,7,10,
370,143,0,7,10,GuildHall20
126,212,0,7,10,
121,182,0,7,10,
263,124,0,7,10,
197,6,0,7,10,
318,56,0,7,10,
318,59,0,7,10,
411,184,0,7,10,
157,181,0,7,10,
290,284,0,7,10,
320,205,0,7,10,
144,223,0,7,10,chest
411,90,0,7,10,
436,94,0,7,10,
394,70,0,7,10,reise
347,87,0,7,10,signVendor
398,148,0,7,10,spyvalthief
286,53,1,7,10,chest
282,58,1,7,10,chest
286,68,1,7,10,chest
284,78,1,7,10,chest
306,80,1,7,10,chest
382,85,1,7,10,chest
394,85,1,7,10,chest
362,161,1,7,10,chest
359,161,1,7,10,chest
324,145,1,7,10,chest
332,135,1,7,10,chest
323,146,0,7,10,william
329,133,0,7,10,
366,107,0,7,10,
409,174,0,7,10,
395,50,1,7,10,chest
277,175,0,7,10,
409,46,0,7,10,
324,54,1,7,10,
389,146,0,7,10,GuildHall27
296,115,0,7,10,
154,214,0,7,10,
361,161,0,7,10,
497,67,1,7,10,
144,328,0,7,10,
119,195,0,7,10,
380,98,0,7,10,
387,155,0,7,10,DrSchlong
337,116,0,7,10,
427,188,0,7,10,
350,64,0,7,10,
352,138,0,7,10,
164,214,0,7,10,fletcher
123,223,0,7,10,
216,341,0,7,10,Charles
312,363,0,7,10,chest
338,398,0,7,10,chest
322,367,0,7,10,rodnin
138,267,0,5,10,spy112
74,324,0,2,10,spy114
64,356,0,2,10,spy113
36,351,0,2,180,spy108
33,360,0,2,180,spy111
38,342,0,2,180,spy111
38,342,0,2,180,spy111
30,350,0,2,180,spy111
133,286,0,5,10,spyfurnace
214,270,0,5,10,selicka
380,72,0,7,10,pete
350,64,0,7,10,demetrius
320,205,0,7,10,taritna
197,6,0,7,10,pryest
381,25,0,5,10,jerome
391,55,0,5,10,anita
133,211,0,5,10,adalia
337,116,0,7,10,francisco
318,380,0,7,10,theassassin
305,399,0,7,10,elbonironstrong
330,387,0,7,10,simpson
430,145,0,5,10,robq1
322,89,0,7,10,robq2
324,90,0,7,10,robq2
161,298,0,5,10,gabby
291,113,0,7,10,priest
320,108,0,7,10,soothsayer
334,58,0,7,10,rodney
366,107,0,7,10,hermes
391,98,0,7,10,woody
361,161,0,7,10,norm
355,163,0,7,10,vitima
338,166,0,7,10,gordon
325,166,0,7,10,clyde
338,56,0,7,10,lotem
361,128,0,7,10,allangrantt
362,125,0,7,10,samthebarkeep
383,52,0,7,10,penwick
393,51,0,7,10,mrfat
380,98,0,7,10,maryann
384,97,0,7,10,sirflanders
260,108,0,7,10,newbie
309,96,0,7,10,robincutthrout
147,184,0,6,10,luigi
144,169,0,6,10,david
166,154,0,6,10,kenny
176,154,0,6,10,billthescribe
186,154,0,6,10,blacksmith
180,184,0,6,10,mcdew
169,183,0,6,10,drseuss
221,186,0,6,10,dyhat
225,130,0,6,10,airlia
213,129,0,6,10,fyshi
183,207,0,6,10,morgan
148,145,0,6,10,heather
148,138,0,6,10,arrakeenia
144,206,0,6,10,zoran
6,322,0,5,10,fishbaron
84,436,0,5,10,oldman
75,472,0,5,10,johnny
360,282,0,7,10,DrEvil
362,279,0,7,10,idol
212,216,0,5,10,collin
141,242,0,5,10,drreset
18,391,0,5,10,Fishy
35,387,1,5,10,seaman1
339,54,0,7,10,GeeWiz
322,100,0,7,10,rob01
233,381,1,3,10,seaman2
321,87,0,7,10,robq5
329,133,0,7,10,nodlaf
165,204,0,7,10,pothead
166,139,0,4,10,sminerals
137,242,0,5,10,anders
320,219,1,6,10,frank
143,140,0,6,10,zer
242,510,0,5,10,gandalf
386,98,0,7,10,littlehole
354,58,0,7,10,shadytony
327,100,0,7,10,zerxp4
369,472,0,5,10,guildwarp1
369,472,0,5,10,guildwarp1
370,476,0,5,10,testguild
241,323,0,3,10,testguild
209,334,0,3,10,lucas
333,87,0,7,10,rules
69,303,0,1,55,
56,298,0,1,55,
43,320,0,1,55,
87,282,0,1,69,
123,357,0,1,69,
51,305,0,1,69,
34,330,0,1,69,
37,326,0,1,69,
23,312,0,1,69,
9,360,0,1,69,
68,274,0,1,69,
75,333,0,1,69,
72,367,0,1,69,
76,400,0,1,69,
97,423,0,1,69,
104,501,0,1,69,
140,475,0,1,69,
171,397,0,1,69,
188,365,0,1,69,
123,372,0,1,69,
90,399,0,1,69,
73,357,0,1,69,
87,347,0,1,69,
95,299,0,1,69,
57,287,0,1,69,
89,278,0,1,69,
94,261,0,1,69,
105,339,0,1,69,
117,342,0,1,69,
116,344,0,1,69,
137,146,0,1,83,
427,482,0,1,39,
421,467,0,1,49,
25,106,0,1,69,
24,78,0,1,69,
17,65,0,1,69,
104,146,0,1,69,
100,144,0,1,69,
154,143,0,1,155,
158,124,0,1,155,
140,116,0,1,69,
160,91,0,1,118,
136,102,0,1,69,
147,72,0,1,69,
91,124,0,1,49,
78,155,0,1,55,
42,155,0,1,55,
25,152,0,1,55,
44,104,0,1,55,
46,70,0,1,55,
45,23,0,1,55,
127,71,0,1,83,
115,49,0,1,155,
93,17,0,1,118,
123,16,0,1,118,
147,14,0,1,118,
156,40,0,1,118,
69,53,0,1,49,
69,53,0,1,49,
72,95,0,1,49,
70,78,0,1,49,
127,28,0,1,69,
42,108,0,1,27,
31,130,0,1,89,
31,130,0,1,89,
167,13,0,1,118,
92,35,0,1,118,
87,479,0,1,69,
59,484,0,1,69,
55,488,0,1,69,
88,484,0,1,69,
24,466,0,1,69,
21,471,0,1,69,
45,474,0,1,69,
33,493,0,1,69,
116,264,0,1,69,
132,281,0,1,69,
225,433,0,1,6,
220,439,0,1,69,
206,453,0,1,34,
231,301,0,1,82,
235,317,0,1,69,
155,479,0,1,69,
136,496,0,1,63,
67,453,0,1,63,
71,449,0,1,69,
38,490,0,1,52,
33,347,0,1,6,
25,337,0,1,63,
20,340,0,1,63,
14,386,0,1,6,
9,394,0,1,63,
35,394,0,1,69,
111,485,0,1,63,
140,496,0,1,63,
106,490,0,1,63,
160,477,0,1,165,
138,452,0,1,63,
141,421,0,1,63,
147,396,0,1,63,
168,364,0,1,55,
153,368,0,1,82,
148,373,0,1,6,
148,387,0,1,82,
209,410,0,1,63,
197,407,0,1,63,
203,394,0,1,55,
191,386,0,1,63,
168,399,0,1,63,
109,411,0,1,165,
122,400,0,1,63,
18,305,0,1,6,
47,347,0,1,63,
53,364,0,1,55,
47,381,0,1,69,
62,391,0,1,49,
52,439,0,1,82,
21,416,0,1,69,
42,429,0,1,63,
73,419,0,1,69,
280,217,0,1,69,
311,243,0,1,69,
303,228,0,1,69,
288,194,0,1,69,
301,179,0,1,63,
265,158,0,1,63,
276,169,0,1,69,
269,171,0,1,69,
293,168,0,1,6,
273,144,0,1,52,
290,145,0,1,69,
285,129,0,1,63,
290,127,0,1,52,
267,106,0,1,24,
276,94,0,1,69,
282,92,0,1,55,
270,58,0,1,6,
358,73,0,1,6,
266,68,0,1,51,
280,75,0,1,63,
283,58,0,1,165,
266,42,0,1,69,
281,41,0,1,57,
342,111,0,1,82,
297,31,0,1,69,
309,9,0,1,69,
323,12,0,1,69,
335,12,0,1,25,
341,19,0,1,6,
349,12,0,1,63,
357,35,0,1,49,
341,44,0,1,6,
344,64,0,1,69,
315,90,0,1,32,
306,44,0,1,63,
305,45,0,1,165,
311,75,0,1,69,
317,69,0,1,6,
331,30,0,1,52,
325,53,0,1,67,
324,35,0,1,52,
320,55,0,1,34,
312,24,0,1,6,
384,96,0,1,55,
373,93,0,1,16,
424,98,0,1,6,
377,64,0,1,39,
459,12,0,1,141,
436,20,0,1,49,
445,18,0,1,63,
452,30,0,1,165,
440,43,0,1,16,
436,60,0,1,52,
438,64,0,1,25,
410,55,0,1,69,
359,11,0,1,55,
355,60,0,1,51,
406,14,0,1,34,
390,7,0,1,6,
387,8,0,1,6,
369,14,0,1,69,
373,18,0,1,52,
368,21,0,1,165,
373,44,0,1,63,
377,41,0,1,6,
384,29,0,1,39,
391,26,0,1,27,
397,75,0,1,69,
428,71,0,1,16,
476,139,0,1,69,
481,149,0,1,63,
495,162,0,1,57,
494,137,0,1,6,
475,119,0,1,52,
484,101,0,1,16,
482,108,0,1,69,
473,85,0,1,165,
488,72,0,1,63,
483,56,0,1,69,
497,59,0,1,82,
483,38,0,1,63,
469,43,0,1,51,
468,33,0,1,82,
460,64,0,1,24,
456,70,0,1,6,
461,84,0,1,69,
446,95,0,1,25,
439,100,0,1,6,
430,87,0,1,82,
453,141,0,1,12,
442,129,0,1,6,
439,112,0,1,69,
432,115,0,1,165,
414,101,0,1,16,
398,92,0,1,6,
411,115,0,1,51,
426,136,0,1,27,
425,156,0,1,69,
406,141,0,1,25,
429,244,0,1,6,
412,234,0,1,40,
431,225,0,1,69,
414,220,0,1,49,
415,199,0,1,16,
400,192,0,1,24,
388,186,0,1,6,
378,176,0,1,63,
391,174,0,1,165,
384,152,0,1,69,
379,160,0,1,52,
361,154,0,1,25,
361,170,0,1,6,
365,182,0,1,49,
354,191,0,1,165,
334,195,0,1,16,
324,184,0,1,141,
315,192,0,1,51,
285,239,0,1,32,
318,231,0,1,34,
291,156,0,1,6,
265,145,0,1,63,
307,141,0,1,69,
316,165,0,1,165,
321,155,0,1,6,
333,150,0,1,55,
348,174,0,1,25,
339,134,0,1,6,
274,30,0,1,49,
380,53,0,1,6,
375,68,0,1,69,
399,61,0,1,55,
421,125,0,1,6,
408,130,0,1,63,
392,123,0,1,141,
361,139,0,1,69,
352,144,0,1,55,
375,134,0,1,63,
387,130,0,1,39,
375,106,0,1,49,
370,116,0,1,165,
350,126,0,1,143,
340,86,0,1,143,
314,128,0,1,77,
325,107,0,1,6,
325,121,0,1,143,
350,104,0,1,6,
452,6,0,1,136,
395,48,0,1,136,
360,76,0,1,136,
267,236,0,1,136,
431,173,0,1,136,
425,190,0,1,136,
469,175,0,1,136,
479,208,0,1,136,
459,205,0,1,136,
9,351,0,1,156,
113,51,0,2,41,
445,481,0,2,114,
446,498,0,2,114,
455,498,0,2,76,
454,490,0,2,76,
464,484,0,2,76,
477,485,0,2,67,
486,487,0,2,67,
484,499,0,2,67,
497,500,0,2,67,
18,79,0,2,39,
21,83,0,2,39,
14,75,0,2,39,
123,5,0,2,14,
126,4,0,2,14,
166,136,0,2,39,
168,134,0,2,39,
168,130,0,2,39,
167,129,0,2,39,
167,129,0,2,39,
177,136,0,2,39,
179,141,0,2,39,
176,138,0,2,39,
175,139,0,2,39,
165,120,0,2,39,
163,118,0,2,39,
168,135,0,2,39,
152,127,0,2,39,
148,123,0,2,39,
177,51,0,2,14,
102,47,0,2,39,
96,47,0,2,39,
98,45,0,2,39,
94,36,0,2,39,
99,36,0,2,39,
96,45,0,2,39,
100,46,0,2,39,
97,36,0,2,39,
97,47,0,2,39,
98,45,0,2,39,
98,45,0,2,39,
94,36,0,2,39,
98,46,0,2,39,
98,45,0,2,39,
29,174,0,2,27,
28,169,0,2,39,
28,175,0,2,39,
25,174,0,2,39,
26,171,0,2,39,
30,172,0,2,39,
28,170,0,2,39,
25,175,0,2,39,
100,119,0,2,27,
100,118,0,2,39,
100,120,0,2,39,
100,120,0,2,39,
101,119,0,2,39,
101,119,0,2,39,
100,120,0,2,27,
168,129,0,2,14,
102,158,0,2,14,
174,111,0,2,14,
183,130,0,2,39,
183,132,0,2,39,
166,121,0,2,39,
166,121,0,2,39,
162,119,0,2,39,
169,115,0,2,39,
103,4,0,2,39,
107,11,0,2,39,
110,11,0,2,39,
108,9,0,2,39,
110,10,0,2,39,
103,5,0,2,39,
110,8,0,2,39,
109,9,0,2,39,
109,8,0,2,39,
106,11,0,2,39,
54,156,0,2,39,
51,156,0,2,39,
52,157,0,2,39,
54,154,0,2,39,
77,31,0,2,39,
78,27,0,2,39,
78,28,0,2,39,
80,25,0,2,39,
80,28,0,2,39,
76,27,0,2,39,
104,137,0,2,39,
108,135,0,2,39,
105,133,0,2,39,
105,133,0,2,39,
104,132,0,2,39,
107,134,0,2,39,
55,164,0,2,14,
178,30,0,2,39,
176,26,0,2,39,
174,28,0,2,39,
174,26,0,2,39,
180,29,0,2,39,
176,25,0,2,39,
120,77,0,2,14,
19,24,0,2,14,
124,123,0,2,14,
90,123,0,2,14,
122,103,0,2,165,
122,100,0,2,165,
92,124,0,2,14,
95,22,0,2,14,
65,145,0,2,39,
183,177,0,2,39,
168,116,0,2,39,
148,80,0,2,14,
9,89,0,2,7,
173,49,0,2,39,
67,148,0,2,39,
184,130,0,2,39,
92,130,0,2,39,
164,78,0,2,39,
27,75,0,2,14,
10,122,0,2,14,
110,15,0,2,39,
10,79,0,2,39,
18,165,0,2,39,
170,98,0,2,39,
107,130,0,2,39,
166,154,0,2,14,
169,151,0,2,14,
54,140,0,2,39,
78,11,0,2,39,
155,130,0,2,14,
71,130,0,2,39,
167,129,0,2,14,
89,120,0,2,39,
9,77,0,2,27,
6,143,0,2,39,
168,20,0,2,14,
169,19,0,2,14,
23,154,0,2,39,
29,156,0,2,39,
28,174,0,2,39,
119,57,0,2,14,
100,30,0,2,39,
145,93,0,2,14,
154,119,0,2,39,
66,16,0,2,14,
176,130,0,2,39,
9,88,0,2,7,
131,135,0,2,14,
22,55,0,2,14,
83,25,0,2,39,
117,156,0,2,14,
179,35,0,2,39,
175,106,0,2,39,
165,12,0,2,39,
140,92,0,2,14,
168,54,0,2,7,
126,91,0,2,39,
145,101,0,2,14,
100,120,0,2,39,
285,71,0,2,67,
283,80,0,2,67,
120,63,0,2,14,
273,72,0,2,67,
275,83,0,2,67,
288,72,0,2,69,
184,172,0,2,27,
188,174,0,2,27,
188,177,0,2,27,
7,32,0,2,27,
181,180,0,2,27,
182,173,0,2,27,
184,177,0,2,27,
183,180,0,2,27,
186,175,0,2,27,
184,177,0,2,27,
184,175,0,2,40,
165,185,0,2,182,
143,179,0,2,182,
119,169,0,2,182,
290,87,0,2,69,
290,93,0,2,67,
264,95,0,2,69,
266,91,0,2,67,
5,410,0,2,91,
79,489,0,2,90,
79,484,0,2,90,
78,478,0,2,90,
79,473,0,2,90,
80,468,0,2,90,
77,460,0,2,90,
82,440,0,2,90,
80,420,0,2,90,
80,434,0,2,90,
80,448,0,2,90,
79,461,0,2,90,
446,475,0,4,54,
451,475,0,4,54,
358,389,0,4,75,
358,418,0,4,79,
334,383,0,4,4,
335,383,0,4,4,
336,385,0,4,4,
323,398,0,4,79,
325,399,0,4,79,
325,401,0,4,79,
326,400,0,4,79,
338,425,0,4,4,
338,425,0,4,4,
339,426,0,4,79,
355,373,0,4,75,
346,358,0,4,75,
445,298,0,4,77,
453,490,0,4,39,
450,488,0,4,39,
473,451,0,4,7,
473,458,0,4,7,
173,367,0,4,27,
449,475,0,4,8,
413,297,0,4,57,
367,439,0,4,75,
362,451,0,4,75,
364,466,0,4,142,
319,215,0,4,28,
324,198,0,4,28,
321,186,0,4,28,
339,194,0,4,28,
339,202,0,4,28,
317,215,0,4,7,
325,196,0,4,7,
337,197,0,4,7,
329,219,0,4,35,
415,436,0,4,7,
423,436,0,4,7,
457,449,0,4,7,
464,456,0,4,7,
458,462,0,4,7,
429,417,0,4,8,
448,417,0,4,7,
437,426,0,4,7,
438,415,0,4,7,
386,458,0,4,28,
387,454,0,4,28,
398,455,0,4,28,
174,399,0,4,27,
137,198,0,4,75,
150,196,0,4,75,
124,198,0,4,75,
25,466,0,4,75,
10,485,0,4,75,
11,502,0,4,75,
43,497,0,4,75,
39,486,0,4,75,
400,420,0,4,8,
50,490,0,4,142,
393,422,0,4,28,
20,498,0,4,75,
164,381,0,4,51,
139,401,0,4,51,
139,390,0,4,51,
150,392,0,4,51,
160,397,0,4,51,
164,409,0,4,51,
180,457,0,4,51,
172,437,0,4,51,
195,430,0,4,51,
186,425,0,4,51,
198,422,0,4,51,
193,415,0,4,51,
175,416,0,4,51,
173,429,0,4,51,
162,447,0,4,51,
140,450,0,4,51,
141,433,0,4,51,
156,425,0,4,51,
146,417,0,4,51,
131,423,0,4,51,
134,440,0,4,51,
133,407,0,4,51,
410,497,0,4,111,
406,492,0,4,112,
413,488,0,4,112,
409,484,0,4,111,
408,477,0,4,111,
148,375,0,4,51,
180,364,0,4,51,
14,108,0,4,5,
22,106,0,4,5,
385,18,0,4,116,
391,33,0,4,116,
414,37,0,4,116,
399,23,0,4,116,
409,21,0,4,116,
18,110,0,4,14,
15,118,0,4,2,
15,116,0,4,2,
15,118,0,4,2,
20,111,0,4,2,
16,109,0,4,2,
56,103,0,4,13,
56,103,0,4,13,
56,103,0,4,13,
53,110,0,4,3,
53,110,0,4,3,
59,111,0,4,3,
52,118,0,4,3,
55,117,0,4,3,
493,483,0,4,55,
488,496,0,4,55,
488,489,0,4,55,
90,48,0,4,85,
90,48,0,4,85,
100,51,0,4,90,
90,40,0,4,90,
100,51,0,4,90,
106,34,0,4,90,
123,421,0,4,39,
101,87,0,4,86,
147,79,0,4,91,
161,89,0,4,91,
164,82,0,4,91,
161,89,0,4,91,
130,76,0,4,90,
135,71,0,4,90,
130,76,0,4,90,
139,93,0,4,90,
166,86,0,4,90,
162,81,0,4,90,
136,59,0,4,90,
130,76,0,4,90,
121,62,0,4,90,
101,20,0,4,68,
103,38,0,4,68,
117,37,0,4,68,
131,47,0,4,68,
122,16,0,4,68,
132,32,0,4,68,
134,21,0,4,90,
127,14,0,4,68,
157,32,0,4,143,
172,15,0,4,92,
179,53,0,4,137,
164,38,0,4,150,
189,49,0,4,92,
156,19,0,4,91,
156,19,0,4,91,
156,33,0,4,91,
172,14,0,4,91,
182,64,0,4,91,
192,62,0,4,91,
190,53,0,4,91,
194,22,0,4,92,
140,73,0,4,21,
360,259,0,4,150,
160,56,0,4,132,
358,261,0,4,150,
177,144,0,4,136,
181,166,0,4,55,
181,189,0,4,55,
192,164,0,4,55,
166,54,0,4,143,
206,182,0,4,55,
220,180,0,4,136,
209,197,0,4,39,
104,320,0,4,7,
108,310,0,4,7,
135,317,0,4,7,
128,318,0,4,54,
113,316,0,4,54,
111,326,0,4,69,
56,173,0,4,106,
59,179,0,4,106,
46,204,0,4,106,
11,154,0,4,106,
28,175,0,4,106,
33,200,0,4,55,
333,357,0,4,75,
332,366,0,4,75,
395,127,0,4,167,
396,128,0,4,168,
387,126,0,4,167,
380,128,0,4,168,
378,138,0,4,190,
376,143,0,4,190,
377,148,0,4,190,
249,327,0,4,2,
249,329,0,4,2,
250,330,0,4,2,
249,331,0,4,2,
249,325,0,4,2,
356,73,0,4,75,
370,88,0,4,75,
376,84,0,4,75,
399,218,0,4,113,
134,149,0,4,168,
134,156,0,4,167,
342,11,0,4,27,
499,14,0,4,160,
499,29,0,4,15,
418,146,0,4,166,
412,152,0,4,166,
406,156,0,4,166,
400,162,0,4,166,
412,164,0,4,166,
497,10,0,4,124,
367,420,0,4,75,
314,124,0,4,99,
300,124,0,4,99,
336,83,0,4,99,
342,99,0,4,99,
302,91,0,4,99,
321,112,0,4,99,
315,96,0,4,99,
301,372,0,4,5,
295,372,0,4,5,
299,353,0,4,5,
297,354,0,4,5,
465,435,0,4,54,
457,435,0,4,54,
72,339,0,4,75,
67,340,0,4,75,
74,326,0,4,75,
65,313,0,4,75,
51,322,0,4,75,
39,248,0,4,75,
32,244,0,4,75,
35,291,0,4,75,
46,283,0,4,75,
48,261,0,4,75,
457,286,0,4,155,
465,331,0,4,155,
41,340,0,4,75,
38,360,0,4,75,
6,245,0,4,75,
9,275,0,4,75,
6,276,0,4,75,
72,391,0,4,75,
64,367,0,4,75,
45,381,0,4,75,
297,141,0,4,190,
305,145,0,4,190,
313,145,0,4,190,
309,153,0,4,190,
306,153,0,4,190,
316,136,0,4,190,
290,91,0,4,99,
190,266,0,4,24,
218,241,0,4,24,
206,255,0,4,24,
207,280,0,4,24,
184,291,0,4,24,
195,283,0,4,24,
183,271,0,4,24,
183,253,0,4,16,
195,257,0,4,16,
205,281,0,4,16,
194,286,0,4,16,
193,260,0,4,16,
208,259,0,4,16,
192,262,0,4,16,
210,290,0,4,16,
197,285,0,4,16,
191,271,0,4,16,
202,276,0,4,16,
213,240,0,4,16,
202,255,0,4,16,
183,244,0,4,16,
185,251,0,4,16,
185,264,0,4,16,
190,274,0,4,16,
184,291,0,4,16,
191,284,0,4,16,
200,282,0,4,16,
208,285,0,4,16,
211,276,0,4,16,
211,268,0,4,16,
210,261,0,4,16,
206,255,0,4,16,
211,249,0,4,16,
214,240,0,4,16,
504,340,0,4,83,
503,324,0,4,83,
504,306,0,4,83,
19,263,0,4,75,
31,271,0,4,75,
19,249,0,4,75,
90,484,0,4,75,
80,501,0,4,75,
110,489,0,4,75,
102,460,0,4,75,
83,466,0,4,75,
45,460,0,4,75,
26,385,0,4,75,
8,403,0,4,75,
8,384,0,4,75,
436,385,0,4,62,
19,294,0,4,75,
30,314,0,4,75,
9,308,0,4,75,
5,352,0,4,55,
10,335,0,4,75,
3,361,0,4,75,
33,316,0,4,55,
502,408,0,4,83,
502,373,0,4,83,
501,389,0,4,83,
486,214,0,4,77,
465,319,0,4,155,
328,331,0,4,83,
346,327,0,4,77,
488,228,0,4,114,
468,218,0,4,110,
467,207,0,4,110,
330,335,0,4,110,
325,333,0,4,62,
357,338,0,4,113,
384,321,0,4,110,
420,297,0,4,57,
422,386,0,4,62,
405,400,0,4,88,
439,244,0,4,77,
420,234,0,4,83,
371,227,0,4,76,
370,199,0,4,99,
378,207,0,4,87,
364,207,0,4,87,
383,229,0,4,8,
360,230,0,4,8,
373,231,0,4,28,
367,225,0,4,28,
374,222,0,4,28,
333,243,0,4,37,
330,246,0,4,36,
336,305,0,4,36,
350,310,0,4,87,
363,309,0,4,8,
338,308,0,4,8,
343,298,0,4,28,
357,299,0,4,28,
348,276,0,4,28,
344,280,0,4,8,
344,273,0,4,8,
384,270,0,4,28,
372,281,0,4,28,
397,239,0,4,114,
403,270,0,4,8,
403,275,0,4,76,
420,263,0,4,76,
415,267,0,4,8,
417,258,0,4,8,
419,264,0,4,8,
400,220,0,4,113,
439,192,0,4,109,
443,266,0,4,155,
385,360,0,4,62,
408,329,0,4,83,
445,297,0,4,77,
492,355,0,4,62,
479,391,0,4,62,
365,61,0,5,72,
317,196,0,5,75,
316,197,0,5,75,
359,88,0,5,1,
359,88,0,5,1,
94,127,0,5,88,
91,130,0,5,88,
27,226,0,5,6,
23,230,0,5,1,
34,234,0,5,1,
161,363,0,5,31,
161,363,0,5,31,
321,378,0,5,77,
21,94,0,5,30,
24,94,0,5,139,
24,96,0,5,31,
22,100,0,5,30,
13,90,0,5,139,
427,332,0,5,64,
369,291,0,5,64,
318,295,0,5,64,
280,354,0,5,64,
433,437,0,5,19,
303,479,0,5,64,
369,291,0,5,64,
359,483,0,5,64,
273,358,0,5,6,
106,151,0,5,61,
114,153,0,5,61,
109,163,0,5,61,
105,166,0,5,61,
375,398,0,5,100,
387,405,0,5,100,
274,358,0,5,63,
194,486,0,5,106,
194,488,0,5,106,
401,185,0,5,93,
397,191,0,5,72,
481,45,0,5,72,
145,333,0,5,102,
415,174,0,5,70,
417,183,0,5,70,
411,175,0,5,70,
408,177,0,5,70,
299,13,0,5,82,
356,291,0,5,52,
355,294,0,5,52,
355,294,0,5,25,
358,291,0,5,52,
359,292,0,5,19,
10,4,0,5,152,
80,383,0,5,107,
77,356,0,5,119,
82,351,0,5,119,
65,349,0,5,119,
67,341,0,5,119,
73,351,0,5,120,
70,311,0,5,2,
70,320,0,5,1,
444,221,0,5,143,
227,182,0,5,69,
4,441,0,5,70,
4,443,0,5,70,
410,324,0,5,100,
8,361,0,5,6,
20,234,0,5,160,
20,226,0,5,160,
452,471,0,5,143,
463,459,0,5,16,
455,463,0,5,136,
459,471,0,5,144,
470,463,0,5,120,
469,470,0,5,14,
484,475,0,5,82,
471,481,0,5,5,
471,487,0,5,1,
462,483,0,5,6,
477,482,0,5,4,
470,481,0,5,52,
215,66,0,5,6,
258,261,0,5,19,
311,229,0,5,19,
305,230,0,5,70,
239,242,0,5,1,
367,437,0,5,100,
375,430,0,5,1,
328,483,0,5,143,
157,202,0,5,2,
253,38,0,5,2,
219,33,0,5,2,
239,242,0,5,1,
21,231,0,5,100,
221,345,0,5,141,
435,76,0,5,2,
434,79,0,5,2,
443,77,0,5,2,
438,82,0,5,5,
435,77,0,5,5,
6,210,0,5,101,
104,6,0,5,182,
241,261,0,5,177,
462,268,0,5,100,
105,155,0,5,61,
113,160,0,5,61,
109,154,0,5,61,
106,157,0,5,76,
471,352,0,5,169,
473,350,0,5,174,
471,355,0,5,173,
5,5,0,5,74,
6,4,0,5,74,
174,257,0,5,38,
176,255,0,5,55,
309,116,0,5,45,
20,63,0,6,62,
17,59,0,6,62,
17,65,0,6,62,
17,62,0,6,62,
18,62,0,6,88,
458,321,0,6,131,
457,318,0,6,6,
498,451,0,6,20,
198,451,0,6,1,
104,416,0,6,127,
111,424,0,6,131,
109,416,0,6,131,
115,416,0,6,131,
116,423,0,6,127,
111,413,0,6,131,
102,414,0,6,127,
427,175,0,6,131,
418,174,0,6,131,
183,194,0,6,33,
184,196,0,6,33,
183,194,0,6,33,
184,195,0,6,33,
188,194,0,6,119,
188,195,0,6,120,
188,195,0,6,123,
148,165,0,6,17,
148,172,0,6,17,
59,374,0,6,182,
167,393,0,6,27,
168,385,0,6,39,
166,389,0,6,27,
190,372,0,6,131,
181,392,0,6,6,
179,379,0,6,127,
166,384,0,6,143,
143,397,0,6,63,
154,383,0,6,27,
148,383,0,6,39,
148,392,0,6,38,
376,369,0,6,97,
379,366,0,6,95,
375,364,0,6,95,
408,350,0,6,33,
409,350,0,6,33,
403,370,0,6,97,
407,367,0,6,95,
410,370,0,6,95,
393,357,0,6,96,
426,347,0,6,33,
427,353,0,6,33,
432,353,0,6,169,
418,358,0,6,38,
395,343,0,6,144,
389,339,0,6,119,
388,341,0,6,123,
388,343,0,6,120,
425,332,0,6,70,
425,334,0,6,70,
428,333,0,6,70,
407,313,0,6,72,
406,318,0,6,93,
416,311,0,6,120,
416,313,0,6,119,
416,333,0,6,33,
414,335,0,6,95,
412,333,0,6,95,
374,324,0,6,34,
382,320,0,6,12,
385,323,0,6,84,
387,323,0,6,44,
401,335,0,6,126,
401,327,0,6,144,
379,314,0,6,143,
427,321,0,6,95,
430,321,0,6,4,
431,315,0,6,33,
427,315,0,6,82,
407,298,0,6,4,
403,302,0,6,79,
397,307,0,6,4,
436,306,0,6,122,
451,318,0,6,144,
455,324,0,6,151,
454,327,0,6,151,
459,327,0,6,151,
365,310,0,6,160,
361,308,0,6,160,
361,300,0,6,160,
344,288,0,6,3,
343,283,0,6,64,
345,281,0,6,151,
349,286,0,6,151,
344,274,0,6,3,
336,269,0,6,64,
320,259,0,6,151,
325,263,0,6,151,
319,255,0,6,2,
315,261,0,6,6,
322,258,0,6,143,
347,298,0,6,1,
345,296,0,6,2,
345,300,0,6,5,
352,299,0,6,3,
352,303,0,6,12,
62,435,0,6,75,
55,441,0,6,75,
20,433,0,6,75,
26,469,0,6,102,
18,445,0,6,101,
46,444,0,6,101,
221,307,0,6,26,
210,310,0,6,26,
215,315,0,6,26,
222,312,0,6,26,
218,308,0,6,26,
214,306,0,6,26,
391,239,0,6,15,
374,234,0,6,15,
14,495,0,6,61,
327,384,0,6,131,
391,252,0,6,131,
339,240,0,6,131,
37,490,0,6,61,
6,487,0,6,61,
29,497,0,6,61,
65,490,0,6,61,
64,503,0,6,116,
37,490,0,6,61,
40,506,0,6,61,
6,474,0,6,61,
14,501,0,6,61,
19,485,0,6,61,
70,500,0,6,61,
58,505,0,6,61,
40,496,0,6,61,
30,502,0,6,116,
68,488,0,6,116,
5,501,0,6,116,
32,484,0,6,116,
57,495,0,6,128,
12,468,0,6,128,
5,443,0,6,100,
37,423,0,6,100,
58,426,0,6,100,
29,432,0,6,101,
42,450,0,6,100,
32,441,0,6,100,
10,429,0,6,100,
9,454,0,6,100,
185,153,0,6,33,
324,208,0,6,141,
293,257,0,6,21,
279,262,0,6,21,
255,272,0,6,117,
256,288,0,6,52,
265,271,0,6,52,
273,265,0,6,52,
286,258,0,6,21,
298,255,0,6,21,
7,222,0,6,54,
3,258,0,6,103,
5,197,0,6,135,
21,193,0,6,105,
5,166,0,6,128,
182,376,0,6,32,
156,381,0,6,40,
110,389,0,6,137,
92,382,0,6,130,
71,388,0,6,129,
11,407,0,6,18,
11,401,0,6,18,
57,223,0,6,140,
280,331,0,6,131,
277,332,0,6,131,
382,292,0,6,120,
377,289,0,6,119,
322,287,0,6,131,
325,292,0,6,6,
326,287,0,6,6,
362,343,0,6,2,
362,345,0,6,6,
244,384,0,6,120,
244,380,0,6,120,
242,382,0,6,119,
103,27,0,6,127,
99,31,0,6,127,
98,26,0,6,131,
110,86,0,6,63,
105,90,0,6,63,
112,92,0,6,63,
106,86,0,6,63,
147,103,0,6,127,
147,98,0,6,89,
150,102,0,6,6,
198,65,0,6,141,
258,492,0,6,127,
263,492,0,6,131,
262,497,0,6,127,
186,470,0,6,127,
191,465,0,6,131,
194,469,0,6,131,
196,456,0,6,6,
186,464,0,6,6,
104,482,0,6,131,
102,469,0,6,6,
111,468,0,6,6,
108,479,0,6,5,
132,481,0,6,2,
132,474,0,6,6,
35,449,0,6,131,
45,455,0,6,131,
38,461,0,6,131,
32,456,0,6,131,
36,456,0,6,6,
176,194,0,6,70,
198,77,0,6,95,
197,82,0,6,96,
195,80,0,6,95,
80,170,0,6,1,
78,177,0,6,6,
66,176,0,6,126,
63,170,0,6,126,
61,164,0,6,126,
62,154,0,6,34,
69,161,0,6,6,
198,61,0,6,141,
365,22,0,6,100,
180,45,0,6,141,
336,30,0,6,106,
176,70,0,6,141,
341,3,0,6,100,
349,10,0,6,100,
335,19,0,6,101,
139,243,0,7,3,
101,319,0,7,4,
140,291,0,7,2,
106,206,0,7,3,
431,409,0,7,4,
382,453,0,7,2,
410,58,0,7,2,
367,411,0,7,3,
274,322,0,7,2,
419,224,0,7,1,
476,211,0,7,3,
221,121,0,7,4,
125,302,0,7,4,
116,157,0,7,2,
386,251,0,7,3,
312,219,0,7,2,
174,40,0,7,1,
253,452,0,7,2,
475,164,0,7,3,
88,427,0,7,3,
38,362,0,7,4,
469,424,0,7,2,
330,485,0,7,2,
93,232,0,7,1,
210,309,0,7,3,
248,133,0,7,2,
248,136,0,7,2,
250,133,0,7,2,
245,135,0,7,2,
249,137,0,7,2,
250,98,0,7,2,
251,96,0,7,2,
248,164,0,7,1,
247,175,0,7,1,
235,160,0,7,1,
227,163,0,7,1,
248,134,0,7,2,
250,133,0,7,2,
240,197,0,7,1,
241,189,0,7,1,
21,488,0,7,34,
34,496,0,7,6,
31,481,0,7,1,
14,466,0,7,1,
510,502,0,7,108,
252,135,0,7,2,
250,139,0,7,2,
148,88,0,7,71,
258,94,0,7,2,
247,137,0,7,2,
283,161,0,7,16,
283,162,0,7,95,
213,105,0,7,68,
204,108,0,7,68,
213,122,0,7,68,
216,125,0,7,68,
216,133,0,7,68,
216,135,0,7,68,
213,112,0,7,68,
220,113,0,7,68,
220,123,0,7,68,
220,136,0,7,68,
88,55,0,7,2,
283,145,0,7,106,
109,295,0,7,70,
305,161,0,7,94,
86,58,0,7,2,
93,66,0,7,85,
88,44,0,7,1,
362,489,0,7,74,
350,486,0,7,74,
356,502,0,7,74,
371,504,0,7,74,
365,475,0,7,73,
348,473,0,7,73,
342,498,0,7,73,
364,493,0,7,73,
364,493,0,7,73,
434,469,0,7,73,
433,475,0,7,74,
441,473,0,7,74,
255,167,0,7,1,
283,154,0,7,6,
249,185,0,7,1,
283,154,0,7,1,
283,154,0,7,34,
288,161,0,7,68,
257,188,0,7,1,
253,171,0,7,1,
293,161,0,7,74,
293,161,0,7,74,
283,181,0,7,1,
284,140,0,7,52,
295,151,0,7,70,
295,151,0,7,70,
294,151,0,7,72,
305,150,0,7,2,
306,151,0,7,2,
292,185,0,7,144,
224,168,0,7,1,
224,157,0,7,1,
234,152,0,7,1,
326,179,0,7,2,
326,182,0,7,2,
438,169,0,7,74,
325,181,0,7,2,
414,107,0,7,79,
348,445,0,7,134,
348,447,0,7,134,
355,446,0,7,136,
354,449,0,7,136,
371,182,0,7,3,
376,183,0,7,3,
378,186,0,7,3,
415,118,0,7,79,
427,118,0,7,79,
226,501,0,7,107,
184,504,0,7,120,
136,467,0,7,4,
123,507,0,7,6,
91,478,0,7,120,
56,506,0,7,4,
14,454,0,7,106,
257,208,0,7,4,
257,208,0,7,4,
257,208,0,7,4,
257,208,0,7,4,
46,462,0,7,5,
329,204,0,7,70,
54,427,0,7,119,
36,381,0,7,1,
21,356,0,7,4,
53,322,0,7,107,
191,366,0,7,119,
475,150,0,7,79,
475,150,0,7,79,
442,13,0,7,106,
416,187,0,7,5,
248,66,0,7,95,
469,159,0,7,79,
475,169,0,7,79,
480,166,0,7,68,
496,154,0,7,68,
496,147,0,7,68,
217,258,0,7,68,
223,247,0,7,68,
78,87,0,7,107,
237,282,0,7,4,
238,291,0,7,4,
247,298,0,7,4,
247,63,0,7,95,
326,312,0,7,5,
326,312,0,7,6,
262,98,0,7,4,
344,322,0,7,61,
429,9,0,7,106,
409,384,0,7,4,
5,507,0,7,140,
409,391,0,7,4,
36,226,0,7,90,
39,231,0,7,90,
44,236,0,7,90,
38,236,0,7,90,
30,220,0,7,91,
30,220,0,7,91,
289,242,0,7,160,
288,244,0,7,160,
292,244,0,7,160,
329,22,0,7,115,
88,92,0,7,93,
334,17,0,7,115,
145,137,0,7,1,
181,110,0,7,74,
180,115,0,7,74,
180,141,0,7,4,
193,129,0,7,4,
178,164,0,7,4,
194,157,0,7,4,
210,147,0,7,1,
242,199,0,7,1,
254,135,0,7,2,
254,135,0,7,2,
305,143,0,7,119,
335,26,0,7,115,
347,182,0,7,1,
98,354,0,7,95,
99,358,0,7,95,
94,359,0,7,95,
87,365,0,7,95,
90,366,0,7,95,
90,366,0,7,95,
86,368,0,7,95,
85,369,0,7,95,
97,356,0,7,96,
99,358,0,7,96,
399,425,0,7,20,gekigahn
473,192,0,7,108,
233,132,0,7,119,
443,306,0,7,106,
339,181,0,7,119,
264,67,0,7,120,
202,164,0,7,95,
164,160,0,7,95,
205,219,0,7,95,
445,160,0,7,119,
457,175,0,7,119,
469,114,0,7,119,
263,66,0,7,119,
496,26,0,7,106,
490,206,0,7,1,
489,267,0,7,4,
505,313,0,7,107,
291,33,0,7,144,
292,32,0,7,144,
381,177,0,7,1,
386,192,0,7,6,
210,147,0,7,1,
485,362,0,7,5,
502,499,0,7,108,
506,474,0,7,108,
467,499,0,7,108,
417,397,0,7,4,
389,406,0,7,6,
373,387,0,7,119,
387,429,0,7,4,
406,478,0,7,106,
293,462,0,7,120,
271,477,0,7,1,
267,495,0,7,107,
479,111,0,7,95,
479,118,0,7,95,
480,112,0,7,95,
170,114,0,7,1,
306,185,0,7,4,
312,186,0,7,4,
486,505,0,7,1,
167,251,0,7,1,
356,60,0,7,5,
175,16,0,7,1,
200,14,0,7,1,
182,7,0,7,17,
178,10,0,7,17,
170,7,0,7,17,
165,6,0,7,17,
185,164,0,7,1,
164,13,0,7,6,
178,1,0,7,144,
184,5,0,7,5,
357,480,0,7,153,
442,480,0,7,153,
155,2,0,7,27,
169,9,0,7,39,
227,206,0,7,1,
195,210,0,7,4,
198,241,0,7,4,
238,243,0,7,4,
278,250,0,7,4,
264,151,0,7,144,
267,130,0,7,144,
249,79,0,7,144,
411,150,0,7,2,
413,145,0,7,2,
427,152,0,7,2,
423,156,0,7,2,
419,152,0,7,2,
420,145,0,7,2,
413,144,0,7,2,
412,144,0,7,2,
411,139,0,7,2,
418,158,0,7,2,
442,143,0,7,5,
443,136,0,7,5,
442,138,0,7,5,
449,145,0,7,5,
434,141,0,7,5,
442,154,0,7,5,
443,136,0,7,5,
446,112,0,7,7,
439,166,0,7,74,
445,172,0,7,74,
445,104,0,7,7,
455,102,0,7,7,
458,102,0,7,7,
462,102,0,7,7,
448,97,0,7,7,
458,98,0,7,7,
448,165,0,7,73,
441,175,0,7,74,
243,423,0,7,62,
240,395,0,7,62,
234,412,0,7,62,
229,430,0,7,83,
212,426,0,7,83,
215,383,0,7,77,
218,406,0,7,77,
183,418,0,7,134,
181,425,0,7,136,
182,413,0,7,136,
148,414,0,7,33,
145,413,0,7,33,
149,410,0,7,33,
220,183,0,7,74,
147,414,0,7,38,
134,39,0,7,2,
217,188,0,7,74,
221,192,0,7,73,
242,122,0,7,1,
497,115,0,7,33,
496,112,0,7,33,
496,114,0,7,33,
495,115,0,7,33,
243,326,0,7,61,
237,333,0,7,61,
248,331,0,7,61,
40,283,0,7,119,
33,282,0,7,120,
26,284,0,7,119,
5,500,0,7,28,
3,504,0,7,29,
2,495,0,7,29,
9,501,0,7,29,
485,53,0,7,120,
44,328,0,7,75,
246,80,0,7,2,
255,80,0,7,2,
250,86,0,7,2,
249,81,0,7,2,
456,70,0,7,95,
456,68,0,7,95,
456,66,0,7,95,
355,57,0,7,15,
395,142,0,7,15,
321,93,0,7,15,
301,127,0,7,15,
387,76,0,7,15,
382,66,0,7,15,
356,91,0,7,15,
376,105,0,7,15,
374,140,0,7,15,
354,153,0,7,15,
325,124,0,7,15,
318,90,0,7,15,
505,6,0,7,1,
444,463,0,7,73,
439,459,0,7,74,
506,72,0,7,1,
323,98,0,7,138,
325,162,0,7,158,
313,123,0,7,15,
314,163,0,7,15,
285,132,0,7,15,
329,89,0,7,15,
498,114,0,7,33,
497,113,0,7,33,
498,112,0,7,33,
152,409,0,7,33,
149,410,0,7,33,
8,29,0,8,16,
8,29,0,8,16,
5,34,0,8,16,
5,24,0,8,16,
22,30,0,8,16,
28,25,0,8,16,
22,29,0,8,16,
5,38,0,8,16,
1,30,0,8,16,
48,166,0,8,49,
40,72,0,8,49,
54,130,0,8,49,
41,44,0,8,25,
23,22,0,8,85,
36,56,0,8,85,
39,20,0,8,16,
35,24,0,8,57,
34,61,0,8,32,
53,4,0,8,16,
26,17,0,8,16,
26,9,0,8,16,
247,62,0,8,101,
129,9,0,8,160,
5,5,0,8,16,
3,5,0,8,16,
39,54,0,8,16,
31,44,0,8,16,
44,46,0,8,16,
145,22,0,8,100,
107,40,0,8,100,
107,13,0,8,160,
130,18,0,8,100,
145,84,0,8,160,
64,23,0,8,55,
37,60,0,8,55,
23,22,0,8,16,
47,84,0,8,49,
105,48,0,8,160,
101,12,0,8,100,
139,9,0,8,160,
106,19,0,8,160,
114,36,0,8,160,
115,18,0,8,160,
90,48,0,8,160,
156,6,0,8,101,
87,86,0,8,101,
107,98,0,8,101,
156,13,0,8,160,
120,97,0,8,160,
84,47,0,8,100,
98,97,0,8,160,
235,93,0,8,101,
316,8,0,8,89,
316,8,0,8,89,
316,8,0,8,89,
317,27,0,8,2,
317,27,0,8,2,
356,66,0,8,55,
343,66,0,8,55,
362,16,0,8,5,
309,11,0,8,89,
344,45,0,8,89,
344,45,0,8,89,
344,45,0,8,89,
364,16,0,8,5,
387,30,0,8,47,
414,29,0,8,5,
460,23,0,8,48,
465,15,0,8,58,
455,16,0,8,58,
332,35,0,8,89,
344,45,0,8,89,
43,166,0,8,16,
43,162,0,8,16,
57,138,0,8,16,
49,169,0,8,85,
459,66,0,8,2,
34,143,0,8,85,
48,180,0,8,57,
51,198,0,8,143,
58,209,0,8,145,
59,214,0,8,145,
50,189,0,8,143,
58,207,0,8,143,
59,216,0,8,143,
59,216,0,8,143,
48,202,0,8,143,
59,216,0,8,143,
59,216,0,8,143,
459,59,0,8,2,
459,49,0,8,2,
460,39,0,8,55,
471,38,0,8,55,
499,39,0,8,55,
472,26,0,8,42,
13,56,0,8,55,
13,56,0,8,55,
13,56,0,8,25,
11,469,0,8,142,
16,475,0,8,55,
24,484,0,8,55,
44,480,0,8,122,
44,480,0,8,122,
12,494,0,8,104,
17,494,0,8,104,
35,484,0,8,4,
35,484,0,8,4,
35,484,0,8,4,
35,483,0,8,4,
5,435,0,8,98,
11,425,0,8,98,
10,432,0,8,98,
3,439,0,8,98,
30,440,0,8,167,
15,426,0,8,98,
19,453,0,8,71,
9,411,0,8,4,
14,415,0,8,4,
52,448,0,8,5,
35,499,0,8,71,
9,494,0,8,71,
64,474,0,8,115,
70,473,0,8,115,
11,467,0,8,23,
80,446,0,8,71,
24,497,0,8,23,
334,23,0,8,42,
6,426,0,8,98,
1,426,0,8,98,
347,67,0,8,24,
138,158,0,8,16,
126,154,0,8,16,
129,171,0,8,16,
134,166,0,8,51,
140,161,0,8,51,
136,146,0,8,52,
129,148,0,8,52,
127,154,0,8,7,
127,161,0,8,7,
126,163,0,8,7,
132,166,0,8,7,
143,168,0,8,7,
139,153,0,8,115,
132,150,0,8,115,
127,163,0,8,115,
132,168,0,8,94,
136,150,0,8,94,
142,147,0,8,94,
140,158,0,8,67,
126,162,0,8,76,
129,152,0,8,76,
141,157,0,8,8,
249,178,0,8,54,
169,190,0,8,87,
171,188,0,8,94,
170,191,0,8,57,
182,178,0,8,87,
195,167,0,8,129,
186,156,0,8,115,
186,156,0,8,99,
185,156,0,8,115,
179,150,0,8,76,
178,150,0,8,54,
186,142,0,8,67,
187,145,0,8,87,
184,147,0,8,115,
172,169,0,8,54,
171,172,0,8,67,
194,134,0,8,94,
183,134,0,8,28,
174,133,0,8,28,
173,169,0,8,28,
172,152,0,8,28,
194,183,0,8,114,
172,142,0,8,112,
250,177,0,8,150,
504,24,0,8,55,
408,485,0,8,94,
400,487,0,8,94,
392,480,0,8,94,
440,420,0,8,110,
442,425,0,8,110,
426,442,0,8,114,
423,439,0,8,109,
417,442,0,8,114,
386,429,0,8,110,
391,431,0,8,113,
380,403,0,8,109,
389,406,0,8,109,
403,394,0,8,83,
408,393,0,8,83,
386,391,0,8,83,
375,338,0,8,110,
373,346,0,8,83,
380,349,0,8,83,
391,323,0,8,109,
392,303,0,8,110,
396,300,0,8,109,
423,347,0,8,114,
435,334,0,8,109,
440,331,0,8,110,
444,319,0,8,114,
446,322,0,8,109,
451,319,0,8,110,
451,333,0,8,114,
456,332,0,8,113,
449,344,0,8,110,
447,361,0,8,114,
452,349,0,8,109,
439,360,0,8,110,
405,329,0,8,155,
408,338,0,8,155,
407,344,0,8,155,
495,10,0,8,39,
408,486,0,8,67,
460,19,0,8,13,
459,20,0,8,3,
350,431,0,8,75,
358,458,0,8,75,
361,455,0,8,75,
343,468,0,8,75,
461,20,0,8,3,
409,314,0,8,118,
400,204,0,8,157,
380,201,0,8,132,
371,220,0,8,35,
375,226,0,8,35,
366,226,0,8,99,
491,373,0,8,27,
493,361,0,8,27,
497,336,0,8,34,
495,314,0,8,24,
346,65,0,8,24,
342,66,0,8,24,
490,285,0,8,51,
480,274,0,8,52,
468,267,0,8,25,
451,264,0,8,21,
460,252,0,8,57,
428,264,0,8,16,
433,265,0,8,16,
424,268,0,8,16,
416,259,0,8,25,
421,253,0,8,32,
438,253,0,8,121,
441,256,0,8,48,
418,239,0,8,147,
408,269,0,8,143,
380,266,0,8,21,
393,268,0,8,143,
363,260,0,8,37,
363,256,0,8,36,
368,258,0,8,35,
371,252,0,8,53,
377,252,0,8,56,
388,251,0,8,40,
375,253,0,8,111,
403,266,0,8,6,
404,270,0,8,39,
383,266,0,8,27,
450,254,0,8,49,
428,246,0,8,63,
436,256,0,8,49,
464,269,0,8,136,
482,264,0,8,52,
490,270,0,8,135,
493,280,0,8,51,
492,292,0,8,39,
472,249,0,8,117,
470,239,0,8,27,
461,233,0,8,39,
461,229,0,8,32,
466,209,0,8,145,
467,210,0,8,40,
489,246,0,8,136,
491,248,0,8,27,
487,233,0,8,147,
478,213,0,8,143,
467,192,0,8,77,
471,193,0,8,23,
480,177,0,8,21,
482,191,0,8,24,
477,194,0,8,48,
458,191,0,8,39,
464,192,0,8,49,
480,214,0,8,27,
485,213,0,8,25,
484,199,0,8,32,
449,203,0,8,75,
449,214,0,8,75,
450,210,0,8,27,
450,232,0,8,27,
451,231,0,8,142,
479,214,0,8,141,
478,162,0,8,136,
493,308,0,8,141,
494,351,0,8,143,
496,313,0,8,63,
493,304,0,8,165,
494,369,0,8,39,
496,322,0,8,6,
427,238,0,8,165,
387,266,0,8,63,
19,324,0,8,54,
33,350,0,8,54,
11,325,0,8,79,
19,324,0,8,79,
39,326,0,8,150,
44,333,0,8,149,
26,364,0,8,150,
7,365,0,8,114,
4,369,0,8,87,
16,325,0,8,114,
40,338,0,8,143,
30,365,0,8,40,
9,363,0,8,6,
379,198,0,8,34,
370,223,0,8,87,
10,363,0,8,75,
46,328,0,8,40,
389,462,0,8,94,
381,447,0,8,94,
383,452,0,8,69,
407,453,0,8,69,
398,455,0,8,127,
417,460,0,8,127,
426,466,0,8,94,
439,467,0,8,69,
435,479,0,8,67,
436,486,0,8,69,
453,475,0,8,69,
447,486,0,8,127,
59,501,0,8,142,
83,498,0,8,142,
92,472,0,8,142,
124,447,0,8,142,
81,484,0,8,142,
110,460,0,8,142,
7,101,0,8,16,
10,98,0,8,16,
13,105,0,8,16,
19,103,0,8,16,
23,112,0,8,16,
21,114,0,8,16,
15,123,0,8,16,
10,115,0,8,16,
7,118,0,8,16,
6,121,0,8,16,
8,127,0,8,16,
7,136,0,8,16,
10,139,0,8,16,
18,152,0,8,16,
13,157,0,8,16,
20,160,0,8,16,
16,168,0,8,16,
7,148,0,8,16,
4,151,0,8,16,
5,158,0,8,16,
6,161,0,8,16,
8,165,0,8,16,
16,177,0,8,16,
7,176,0,8,16,
8,179,0,8,16,
25,177,0,8,16,
26,172,0,8,16,
29,176,0,8,16,
30,187,0,8,16,
27,191,0,8,16,
21,188,0,8,16,
23,190,0,8,16,
7,187,0,8,16,
14,195,0,8,16,
11,199,0,8,16,
6,194,0,8,16,
17,206,0,8,16,
19,200,0,8,16,
29,203,0,8,16,
31,210,0,8,16,
32,216,0,8,16,
23,216,0,8,16,
17,213,0,8,16,
18,220,0,8,16,
9,221,0,8,16,
6,218,0,8,16,
8,213,0,8,16,
15,199,0,8,16,
32,206,0,8,16,
28,217,0,8,16,
14,222,0,8,16,
17,162,0,8,16,
9,138,0,8,16,
14,130,0,8,16,
20,119,0,8,16,
7,104,0,8,16,
13,99,0,8,16,
23,104,0,8,16,
7,117,0,8,16,
19,136,0,8,16,
184,102,0,8,101,
169,93,0,8,100,
193,98,0,8,160,
248,126,0,8,160,
230,92,0,8,100,
243,97,0,8,160,
247,59,0,8,160,
246,64,0,8,160,
247,61,0,8,160,
231,64,0,8,160,
216,67,0,8,160,
248,67,0,8,160,
3,427,0,8,181,
5,435,0,8,181,
45,492,0,8,181,
34,499,0,8,181,
457,172,0,8,55,
453,176,0,8,55,
446,179,0,8,55,
438,177,0,8,55,
434,181,0,8,55,
435,187,0,8,55,
442,187,0,8,55,
443,181,0,8,55,
303,373,0,8,147,
322,354,0,8,147,
284,392,0,8,147,
284,380,0,8,116,
323,354,0,8,128,
297,368,0,8,128,
371,96,0,8,119,
349,94,0,8,119,
357,100,0,8,119,
342,148,0,8,119,
333,145,0,8,119,
334,151,0,8,119,
344,152,0,8,119,
347,147,0,8,119,
316,153,0,8,119,
324,153,0,8,119,
301,194,0,8,119,
343,185,0,8,119,
344,174,0,8,119,
342,209,0,8,119,
333,240,0,8,119,
338,241,0,8,119,
339,232,0,8,119,
338,229,0,8,119,
364,97,0,8,119,
369,104,0,8,119,
367,95,0,8,119,
368,96,0,8,120,
372,92,0,8,120,
370,96,0,8,120,
371,104,0,8,120,
361,93,0,8,120,
363,102,0,8,120,
363,105,0,8,122,
370,108,0,8,122,
372,92,0,8,122,
369,95,0,8,122,
365,91,0,8,123,
299,87,0,8,123,
299,87,0,8,123,
299,87,0,8,123,
347,102,0,8,119,
348,129,0,8,119,
309,66,0,8,119,
320,63,0,8,119,
285,60,0,8,119,
283,72,0,8,119,
290,53,0,8,122,
286,47,0,8,122,
289,40,0,8,122,
285,32,0,8,122,
285,17,0,8,122,
286,7,0,8,122,
314,73,0,8,120,
320,75,0,8,119,
303,77,0,8,119,
285,83,0,8,119,
299,87,0,8,119,
322,154,0,8,119,
322,99,0,8,119,
339,114,0,8,119,
338,149,0,8,119,
340,146,0,8,119,
342,155,0,8,119,
333,153,0,8,119,
335,143,0,8,119,
333,146,0,8,120,
346,151,0,8,120,
322,154,0,8,120,
324,146,0,8,120,
310,152,0,8,120,
310,150,0,8,120,
293,130,0,8,120,
299,148,0,8,119,
329,160,0,8,119,
336,195,0,8,119,
287,94,0,8,122,
278,116,0,8,122,
282,419,0,8,102,
315,419,0,8,102,
310,450,0,8,102,
296,166,0,8,119,
303,197,0,8,119,
348,175,0,8,119,
343,197,0,8,119,
333,206,0,8,119,
341,240,0,8,120,
334,231,0,8,119,
333,240,0,8,119,
341,240,0,8,119,
337,235,0,8,119,
41,131,0,9,54,
40,128,0,9,40,
39,127,0,9,132,
165,87,0,9,43,
165,83,0,9,43,
164,86,0,9,43,
71,214,0,9,42,
70,213,0,9,42,
59,212,0,9,42,
70,214,0,9,42,
61,212,0,9,42,
126,204,0,9,174,
123,213,0,9,174,
123,211,0,9,174,
125,203,0,9,174,
123,211,0,9,174,
7,214,0,9,24,
13,212,0,9,25,
10,215,0,9,174,
8,217,0,9,50,
7,232,0,9,48,
8,250,0,9,48,
7,238,0,9,48,
8,237,0,9,48,
7,231,0,9,48,
22,187,0,9,174,
22,188,0,9,173,
9,179,0,9,45,
9,181,0,9,52,
11,179,0,9,47,
11,182,0,9,82,
6,194,0,9,174,
8,196,0,9,174,
6,197,0,9,173,
110,174,0,9,173,
110,187,0,9,174,
110,176,0,9,173,
109,186,0,9,6,
210,141,0,9,43,
208,138,0,9,43,
208,138,0,9,43,
218,141,0,9,47,
206,141,0,9,47,
218,138,0,9,47,
212,209,0,9,59,
208,208,0,9,59,
21,149,0,9,47,
12,143,0,9,47,
24,142,0,9,47,
18,138,0,9,47,
17,147,0,9,47,
17,131,0,9,47,
24,132,0,9,47,
19,146,0,9,47,
24,136,0,9,47,
15,135,0,9,47,
13,138,0,9,47,
14,149,0,9,47,
22,132,0,9,47,
23,136,0,9,47,
25,133,0,9,47,
21,126,0,9,47,
12,125,0,9,47,
20,129,0,9,47,
193,153,0,9,43,
194,157,0,9,43,
193,155,0,9,43,
193,155,0,9,43,
79,74,0,9,48,
74,69,0,9,48,
77,74,0,9,48,
75,65,0,9,48,
92,217,0,9,59,
101,215,0,9,59,
95,226,0,9,59,
101,233,0,9,59,
94,227,0,9,59,
103,227,0,9,59,
79,146,0,9,53,
88,148,0,9,173,
89,146,0,9,114,
192,238,0,9,173,
204,243,0,9,53,
201,238,0,9,53,
203,238,0,9,53,
123,37,0,9,59,
122,27,0,9,59,
138,30,0,9,59,
136,51,0,9,59,
129,29,0,9,59,
13,68,0,9,55,
14,68,0,9,55,
212,28,0,9,48,
211,24,0,9,48,
229,22,0,9,48,
215,26,0,9,48,
230,25,0,9,48,
227,25,0,9,47,
219,28,0,9,47,
216,25,0,9,47,
228,26,0,9,47,
229,28,0,9,47,
217,25,0,9,42,
218,26,0,9,42,
225,26,0,9,42,
220,25,0,9,47,
219,25,0,9,47,
220,26,0,9,47,
246,142,0,9,43,
237,139,0,9,43,
237,138,0,9,43,
249,136,0,9,43,
247,144,0,9,43,
235,135,0,9,43,
235,142,0,9,43,
244,137,0,9,43,
244,136,0,9,43,
235,141,0,9,43,
237,141,0,9,43,
247,139,0,9,43,
241,140,0,9,53,
239,142,0,9,53,
237,141,0,9,53,
241,137,0,9,53,
241,141,0,9,48,
243,140,0,9,48,
247,141,0,9,48,
241,139,0,9,42,
244,140,0,9,42,
243,141,0,9,42,
244,139,0,9,42,
243,140,0,9,42,
245,140,0,9,42,
240,138,0,9,42,
247,138,0,9,42,
244,140,0,9,42,
194,184,0,9,48,
199,184,0,9,48,
192,184,0,9,48,
192,184,0,9,43,
196,182,0,9,43,
197,184,0,9,43,
195,185,0,9,43,
193,185,0,9,43,
194,185,0,9,43,
193,183,0,9,43,
187,182,0,9,43,
199,184,0,9,43,
110,112,0,9,55,
113,115,0,9,55,
117,113,0,9,55,
195,113,0,9,43,
196,110,0,9,43,
13,13,0,9,55,
12,13,0,9,55,
15,20,0,9,55,
15,16,0,9,55,
21,20,0,9,55,
19,23,0,9,55,
16,23,0,9,55,
12,17,0,9,55,
13,19,0,9,55,
21,22,0,9,55,
18,22,0,9,55,
15,17,0,9,55,
106,148,0,9,42,
106,150,0,9,42,
38,175,0,9,170,
32,183,0,9,173,
32,176,0,9,173,
59,9,0,9,42,
68,40,0,9,53,
62,49,0,9,53,
66,45,0,9,53,
177,83,0,9,47,
180,80,0,9,47,
182,86,0,9,47,
249,168,0,9,43,
252,169,0,9,43,
111,84,0,9,43,
120,81,0,9,43,
119,83,0,9,43,
218,243,0,9,42,
219,241,0,9,42,
162,29,0,9,55,
162,39,0,9,55,
162,37,0,9,55,
46,46,0,9,48,
47,49,0,9,48,
48,42,0,9,48,
24,216,0,9,174,
26,216,0,9,174,
169,192,0,9,173,
171,193,0,9,174,
162,193,0,9,173,
90,252,0,9,21,
93,250,0,9,21,
87,248,0,9,21,
219,119,0,9,58,
211,162,0,9,53,
212,154,0,9,53,
214,155,0,9,53,
214,161,0,9,53,
214,162,0,9,53,
212,159,0,9,53,
214,162,0,9,53,
211,162,0,9,53,
213,162,0,9,53,
33,251,0,9,48,
36,250,0,9,48,
122,100,0,9,174,
123,96,0,9,173,
122,95,0,9,174,
229,235,0,9,174,
229,235,0,9,174,
94,170,0,9,27,
87,179,0,9,27,
90,177,0,9,182,
235,208,0,9,53,
236,202,0,9,53,
239,200,0,9,53,
236,202,0,9,53,
48,209,0,9,182,
60,27,0,9,174,
59,26,0,9,174,
187,20,0,9,42,
189,22,0,9,42,
190,20,0,9,58,
188,21,0,9,58,
109,43,0,9,173,
108,40,0,9,53,
109,46,0,9,173,
163,179,0,9,42,
169,181,0,9,42,
164,180,0,9,42,
231,182,0,9,174,
232,185,0,9,42,
231,175,0,9,42,
206,97,0,9,42,
204,100,0,9,42,
174,148,0,9,47,
176,148,0,9,47,
92,94,0,9,6,
90,96,0,9,24,
92,98,0,9,25,
212,193,0,9,42,
215,196,0,9,42,
13,113,0,9,43,
218,103,0,9,12,
224,104,0,9,12,
215,99,0,9,12,
222,105,0,9,12,
159,239,0,9,77,
162,240,0,9,77,
156,64,0,9,42,
158,64,0,9,42,
181,133,0,9,173,
178,128,0,9,173,
185,128,0,9,173,
178,128,0,9,173,
177,132,0,9,173,
178,132,0,9,173,
185,132,0,9,173,
177,133,0,9,173,
180,131,0,9,173,
95,38,0,9,47,
95,43,0,9,47,
228,67,0,9,173,
231,70,0,9,53,
227,68,0,9,42,
228,69,0,9,24,
21,91,0,9,27,
22,90,0,9,39,
20,85,0,9,27,
57,99,0,9,27,
59,94,0,9,27,
52,96,0,9,39,
54,98,0,9,39,
56,93,0,9,27,
49,101,0,9,27,
54,100,0,9,27,
57,96,0,9,174,
60,100,0,9,174,
197,41,0,9,48,
191,38,0,9,48,
189,46,0,9,48,
192,47,0,9,48,
158,203,0,9,174,
155,203,0,9,174,
135,241,0,9,16,
133,243,0,9,16,
132,241,0,9,16,
135,240,0,9,16,
224,197,0,9,42,
37,223,0,9,27,
42,226,0,9,27,
46,223,0,9,39,
46,225,0,9,39,
47,225,0,9,27,
43,225,0,9,27,
38,224,0,9,39,
43,223,0,9,27,
43,223,0,9,27,
98,125,0,9,174,
98,126,0,9,135,
99,123,0,9,174,
230,158,0,9,58,
236,225,0,9,42,
239,226,0,9,42,
236,224,0,9,42,
32,114,0,9,173,
30,112,0,9,173,
29,111,0,9,173,
32,109,0,9,174,
28,107,0,9,174,
13,113,0,9,174,
14,113,0,9,172,
30,110,0,9,172,
13,114,0,9,173,
245,235,0,9,47,
244,237,0,9,47,
123,69,0,9,47,
126,66,0,9,47,
70,15,0,9,43,
183,103,0,9,172,
50,249,0,9,173,
60,245,0,9,174,
57,248,0,9,173,
171,109,0,9,42,
169,106,0,9,42,
140,218,0,9,43,
245,184,0,9,47,
250,191,0,9,47,
245,191,0,9,47,
150,193,0,9,14,
149,195,0,9,14,
131,12,0,9,53,
131,8,0,9,53,
128,6,0,9,53,
142,129,0,9,48,
143,131,0,9,48,
141,131,0,9,48,
8,198,0,9,170,
7,194,0,9,170,
124,128,0,9,58,
127,128,0,9,58,
143,94,0,9,48,
141,102,0,9,48,
141,100,0,9,48,
92,97,0,9,27,
90,97,0,9,39,
85,99,0,9,47,
74,88,0,9,6,
72,88,0,9,34,
62,157,0,9,172,
67,160,0,9,170,
64,159,0,9,173,
68,160,0,9,174,
66,162,0,9,173,
61,162,0,9,48,
66,158,0,9,24,
67,162,0,9,24,
64,157,0,9,48,
68,116,0,9,174,
70,117,0,9,77,
73,119,0,9,14,
73,117,0,9,6,
69,120,0,9,6,
72,115,0,9,82,
69,118,0,9,82,
67,117,0,9,6,
66,118,0,9,77,
68,135,0,9,48,
66,133,0,9,82,
68,132,0,9,14,
69,133,0,9,174,
66,134,0,9,173,
76,132,0,9,174,
76,136,0,9,48,
71,136,0,9,24,
67,135,0,9,24,
55,72,0,9,47,
58,69,0,9,47,
56,73,0,9,47,
238,89,0,9,174,
239,89,0,9,174,
238,92,0,9,48,
238,90,0,9,48,
141,163,0,9,40,
146,168,0,9,6,
145,165,0,9,34,
158,19,0,9,43,
161,17,0,9,43,
18,55,0,9,58,
16,53,0,9,58,
37,192,0,9,27,
38,196,0,9,39,
39,193,0,9,173,
193,69,0,9,43,
197,69,0,9,43,
196,66,0,9,43,
253,73,0,9,43,
252,66,0,9,43,
252,67,0,9,43,
252,67,0,9,43,
253,68,0,9,43,
253,64,0,9,43,
252,73,0,9,43,
253,68,0,9,43,
252,70,0,9,43,
67,180,0,9,67,
66,179,0,9,48,
160,230,0,9,14,
160,223,0,9,39,
22,234,0,9,42,
102,61,0,9,55,
102,58,0,9,55,
96,21,0,9,55,
104,18,0,9,55,
98,20,0,9,55,
223,40,0,9,12,
231,39,0,9,12,
224,40,0,9,12,
236,108,0,9,42,
237,108,0,9,42,
37,63,0,9,42,
36,65,0,9,42,
165,148,0,9,42,
163,148,0,9,42,
85,40,0,9,42,
80,39,0,9,42,
80,41,0,9,43,
81,42,0,9,43,
92,193,0,9,42,
87,198,0,9,42,
95,192,0,9,42,
16,37,0,9,47,
19,44,0,9,47,
16,35,0,9,47,
242,10,0,9,43,
243,10,0,9,43,
117,221,0,9,47,
115,224,0,9,47,
247,33,0,9,12,
252,32,0,9,12,
242,32,0,9,12,
30,39,0,9,55,
32,37,0,9,58,
148,221,0,9,43,
147,216,0,9,43,
148,220,0,9,43,
251,52,0,9,58,
245,52,0,9,58,
103,100,0,9,58,
108,98,0,9,58,
37,6,0,9,58,
42,9,0,9,58,
34,11,0,9,58,
216,83,0,9,53,
218,88,0,9,53,
218,88,0,9,53,
213,81,0,9,53,
207,226,0,9,42,
203,227,0,9,42,
200,224,0,9,42,
179,215,0,9,48,
174,214,0,9,48,
181,214,0,9,48,
175,217,0,9,48,
182,212,0,9,48,
182,217,0,9,48,
174,215,0,9,48,
183,218,0,9,48,
179,219,0,9,48,
43,22,0,9,43,
50,27,0,9,43,
46,23,0,9,43,
110,133,0,9,58,
110,134,0,9,58,
74,233,0,9,43,
71,232,0,9,43,
74,232,0,9,43,
64,232,0,9,43,
62,233,0,9,43,
72,233,0,9,43,
68,232,0,9,43,
74,232,0,9,43,
66,232,0,9,43,
64,144,0,9,43,
64,147,0,9,43,
66,146,0,9,43,
18,163,0,9,42,
14,164,0,9,42,
176,71,0,9,58,
178,70,0,9,58,
253,117,0,9,58,
251,120,0,9,58,
250,117,0,9,58,
175,11,0,9,48,
175,8,0,9,48,
39,167,0,9,58,
39,163,0,9,58,
50,164,0,9,42,
50,168,0,9,42,
50,165,0,9,42,
204,10,0,9,43,
211,10,0,9,43,
215,6,0,9,43,
31,83,0,9,27,
30,88,0,9,39,
32,88,0,9,27,
43,151,0,9,170,
42,150,0,9,173,
44,148,0,9,174,
84,119,0,9,27,
85,113,0,9,39,
85,117,0,9,27,
86,111,0,9,58,
84,113,0,9,58,
96,110,0,9,39,
147,6,0,9,42,
75,246,0,9,55,
76,246,0,9,58,
115,12,0,9,53,
116,14,0,9,53,
217,51,0,9,48,
222,52,0,9,48,
224,51,0,9,48,
221,51,0,9,48,
216,51,0,9,48,
215,52,0,9,48,
222,51,0,9,48,
221,51,0,9,48,
214,52,0,9,48,
49,194,0,9,84,
48,191,0,9,172,
51,189,0,9,173,
214,176,0,9,55,
216,177,0,9,55,
214,179,0,9,55,
210,65,0,9,53,
209,63,0,9,53,
210,61,0,9,53,
41,236,0,9,42,
38,237,0,9,42,
117,243,0,9,55,
115,247,0,9,55,
116,250,0,9,55,
116,252,0,9,55,
115,250,0,9,55,
118,242,0,9,55,
118,252,0,9,55,
117,250,0,9,55,
117,246,0,9,55,
249,107,0,9,58,
245,105,0,9,58,
104,160,0,9,42,
105,161,0,9,42,
106,161,0,9,42,
105,161,0,9,42,
99,162,0,9,42,
101,161,0,9,42,
109,160,0,9,42,
107,160,0,9,42,
99,161,0,9,42,
82,27,0,9,58,
76,28,0,9,58,
155,252,0,9,42,
106,202,0,9,58,
111,201,0,9,58,
74,194,0,9,47,
75,194,0,9,47,
198,125,0,9,47,
200,122,0,9,47,
199,122,0,9,47,
85,11,0,9,43,
84,12,0,9,43,
8,81,0,9,27,
7,77,0,9,27,
10,79,0,9,39,
10,79,0,9,39,
8,82,0,9,39,
8,79,0,9,27,
10,88,0,9,27,
8,85,0,9,27,
9,89,0,9,27,
148,148,0,9,47,
149,146,0,9,47,
171,165,0,9,47,
172,163,0,9,47,
154,102,0,9,47,
153,102,0,9,47,
97,7,0,9,53,
105,8,0,9,53,
96,5,0,9,53,
134,237,0,9,59,
129,240,0,9,60,
179,201,0,9,42,
178,202,0,9,42,
18,204,0,9,27,
19,202,0,9,27,
194,252,0,9,42,
194,250,0,9,42,
20,84,0,9,27,
20,88,0,9,27,
126,115,0,9,58,
128,114,0,9,58,
123,155,0,9,34,
121,156,0,9,34,
251,250,0,9,58,
249,247,0,9,58,
187,8,0,9,43,
196,9,0,9,43,
192,9,0,9,43,
148,236,0,9,59,
148,241,0,9,60,
147,238,0,9,59,
147,243,0,9,60,
51,111,0,9,173,
48,113,0,9,173,
156,173,0,9,48,
155,175,0,9,48,
231,250,0,9,42,
239,250,0,9,42,
228,252,0,9,42,
176,48,0,9,42,
178,48,0,9,42,
63,59,0,9,55,
74,169,0,9,53,
77,169,0,9,53,
82,218,0,9,47,
82,220,0,9,47,
242,68,0,9,42,
231,121,0,9,43,
234,122,0,9,43,
38,204,0,9,27,
38,208,0,9,27,
37,212,0,9,27,
209,113,0,9,47,
209,251,0,9,43,
123,182,0,9,42,
125,187,0,9,42,
41,100,0,9,182,
196,99,0,9,43,
193,100,0,9,43,
7,99,0,9,182,
5,99,0,9,27,
70,5,0,9,43,
118,234,0,9,55,
112,234,0,9,55,
90,58,0,9,42,
91,57,0,9,42,
183,115,0,9,43,
182,115,0,9,43,
139,201,0,9,55,
139,202,0,9,55,
138,195,0,9,55,
80,100,0,9,58,
77,100,0,9,58,
216,228,0,9,55,
218,223,0,9,55,
253,89,0,9,53,
251,94,0,9,53,
151,33,0,9,47,
154,35,0,9,47,
211,40,0,9,53,
18,103,0,9,182,
100,110,0,9,182,
102,110,0,9,27,
110,30,0,9,43,
233,167,0,9,42,
230,168,0,9,42,
249,219,0,9,42,
249,220,0,9,42,
252,12,0,9,43,
245,159,0,9,47,
253,207,0,9,47,
201,152,0,9,47,
201,155,0,9,47,
201,163,0,9,42,
201,164,0,9,42,
148,17,0,9,43,
165,69,0,9,42,
163,99,0,9,58,
164,99,0,9,58,
184,170,0,9,47,
113,69,0,9,53,
174,35,0,9,43,
175,33,0,9,43,
174,30,0,9,43,
167,121,0,9,43,
117,143,0,9,43,
23,63,0,9,53,
191,141,0,9,42,
110,210,0,9,55,
28,20,0,9,58,
134,172,0,9,58,
43,128,0,9,174,
40,133,0,9,174,
12,6,0,9,42,
52,234,0,9,174,
189,56,0,9,42,
192,57,0,9,42,
155,72,0,9,43,
233,50,0,9,43,
233,52,0,9,43,
71,98,0,9,5,
75,98,0,9,12,
32,49,0,9,55,
31,50,0,9,55,
211,139,0,9,46,
210,139,0,9,45,
212,139,0,9,45,
212,140,0,9,45,
211,140,0,9,45,
210,140,0,9,45,
210,138,0,9,45,
211,138,0,9,45,
212,138,0,9,45,
165,181,0,9,94,
166,175,0,9,94,
440,507,0,9,172,
488,410,0,9,173,
502,384,0,9,173,
495,404,0,9,173,
483,390,0,9,174,
498,404,0,9,174,
493,367,0,9,174,
490,370,0,9,174,
490,384,0,9,173,
502,386,0,9,173,
500,395,0,9,173,
490,397,0,9,173,
495,406,0,9,173,
505,407,0,9,173,
505,418,0,9,173,
496,416,0,9,173,
458,382,0,9,169,
448,381,0,9,169,
470,471,0,9,170,
475,419,0,9,170,
431,421,0,9,170,
458,404,0,9,170,
409,497,0,9,172,
423,476,0,9,172,
421,458,0,9,172,
410,430,0,9,172,
457,237,0,9,168,
468,236,0,9,168,
485,236,0,9,168,
496,228,0,9,168,
504,226,0,9,167,
497,244,0,9,167,
483,242,0,9,167,
468,245,0,9,167,
453,237,0,9,166,
442,247,0,9,166,
454,246,0,9,166,
446,242,0,9,166,
46,40,0,9,48,
47,48,0,9,48,
48,45,0,9,48,
46,43,0,9,48,
44,41,0,9,48,
45,40,0,9,48,
49,42,0,9,48,
470,29,0,9,116,
465,44,0,9,114,
490,35,0,9,116,
480,44,0,9,128,
475,61,0,9,116,
457,57,0,9,118,
465,80,0,9,128,
484,80,0,9,118,
483,6,0,9,149,
448,6,0,9,157,
293,85,0,9,24,
291,98,0,9,24,
63,44,0,9,84,
66,46,0,9,44,
63,42,0,9,44,
64,44,0,9,44,
68,47,0,9,44,
65,42,0,9,44,
60,44,0,9,44,
62,47,0,9,44,
284,291,1,8,10,testguild
228,475,0,1,4,
254,135,0,4,10,spy11
302,289,0,8,10,testguild
176,260,0,5,10,rulesign
296,9,0,2,95,
297,22,0,2,95,
298,41,0,2,95,
285,42,0,2,95,
282,28,0,2,95,
296,9,0,2,95,
296,9,0,2,95,
230,22,0,2,95,
225,10,0,2,97,
240,8,0,2,97,
222,43,0,2,97,
231,43,0,2,97,
217,244,0,5,10,testdsb2
219,244,0,5,10,testdsb2
314,89,0,7,10,robwarp
163,104,0,1,118,
491,310,0,9,130,
498,317,0,9,130,
489,316,0,9,130,
427,351,0,9,134,
478,335,0,9,172,
293,383,0,7,10,testdsb
8,329,0,5,101,
12,371,0,5,100,
507,364,0,6,100,
506,323,0,6,101,
3,233,0,6,130,
254,291,0,6,117,
337,54,0,7,10,shadytim
454,5,0,9,137,
457,10,0,9,137,
10,33,0,5,10,guildchest
215,228,0,5,10,spy10
74,94,0,6,127,
73,96,0,6,131,
68,91,0,6,131,
74,99,0,6,131,
179,124,0,5,130,
383,237,0,6,130,
395,227,0,6,130,
64,364,0,4,142,
70,367,0,4,142,
281,278,0,6,130,
244,383,0,6,130,
387,427,0,6,118,
337,471,0,6,118,
366,483,0,7,73,
371,498,0,7,73,
81,101,0,5,153,
89,104,0,5,152,
81,109,0,5,152,
83,108,0,5,152,
380,404,0,8,109,
313,425,0,8,102,
301,89,0,7,10,charleigh
308,100,0,7,10,eulogist
244,144,0,7,10,OldHippie
357,140,0,7,10,testguild
125,437,0,8,125,
214,116,0,5,8,
108,482,0,7,10,getaway
246,453,0,7,10,spiggles
461,244,0,7,10,farkas
475,231,0,7,10,narf
182,201,0,7,10,glarglomn
172,184,0,7,10,tyrone
147,214,0,7,10,rastas
144,179,0,7,10,andrew
134,200,0,7,10,lester
126,212,0,7,10,dwayne
281,306,0,5,10,lightpost
127,188,0,5,10,speigel
120,201,0,5,10,sam
363,186,0,5,10,sifinil
441,509,0,5,10,maryjane
347,130,0,5,10,chickennugget
214,113,0,5,10,stoner
386,111,0,5,10,tehhut
403,42,0,5,10,beta
17,432,0,5,10,housedeed
32,456,0,5,10,mho
302,504,0,6,10,max
304,23,0,6,10,otto
363,281,0,7,10,undeadcap
323,143,0,7,10,wilma
199,6,0,7,10,Judas
227,456,0,7,18,
221,456,0,7,18,
236,446,0,7,18,
8,486,0,4,142,
53,414,0,4,142,
36,424,0,4,142,
43,435,0,4,142,
59,420,0,4,142,
397,164,0,7,10,kyra
320,143,0,7,10,unclebill
194,9,0,7,10,judgejudy
155,214,0,7,10,spelsa
248,128,0,7,10,Cheech
240,139,0,7,10,greasyhobo
21,346,0,6,147,
28,351,0,6,147,
23,350,0,6,147,
19,341,0,6,147,
16,338,0,6,147,
194,4,0,7,10,Arthas
34,504,0,7,102,
19,492,0,7,102,
355,285,0,7,10,Beetlejuice
349,288,0,7,10,addams
250,123,0,7,10,chong
237,143,0,7,10,HippieGuard
234,147,0,7,4,
196,11,0,7,10,SisterNun
313,364,0,7,135,
325,367,0,7,135,
321,368,0,7,135,
334,375,0,7,134,
334,375,0,7,135,
317,399,0,7,135,
317,399,0,7,134,
320,153,0,7,10,BillyBob
46,329,0,6,49,
35,329,0,6,49,
29,333,0,6,49,
37,342,0,6,24,
33,343,0,6,24,
38,343,0,6,24,
28,321,0,6,21,
27,324,0,6,21,
25,325,0,6,21,
21,321,0,6,23,
214,240,0,6,7,
367,297,0,7,10,TheCount
41,333,0,6,69,
35,335,0,6,69,
24,330,0,6,71,
21,334,0,6,47,
17,339,0,6,47,
72,281,0,6,187,
79,286,0,6,150,
87,390,0,8,155,
81,380,0,8,155,
216,12,0,6,118,
233,12,0,6,118,
193,11,0,6,118,
461,436,0,4,54,
457,436,0,4,54,
326,103,0,7,3,
321,104,0,7,3,
327,110,0,7,3,
322,119,0,7,3,
330,116,0,7,2,
94,107,0,1,183,
103,145,0,1,183,
73,156,0,1,183,
69,54,0,1,184,
68,104,0,1,184,
159,136,0,1,118,
113,58,0,1,118,
76,10,0,1,118,
89,220,0,5,188,
460,306,0,8,113,
51,221,0,6,140,
60,219,0,6,140,
254,253,0,7,10,guildchest
84,438,0,5,188,
144,335,0,5,104,
269,310,1,5,11,guildchest
276,273,0,5,118,
9,322,0,5,101,
10,338,0,5,101,
5,348,0,5,101,
6,336,0,5,101,
166,65,0,7,140,
166,69,0,7,140,
168,65,1,7,140,
162,66,0,7,140,
164,58,0,7,143,
17,493,0,8,189,
47,88,0,6,182,
58,94,0,6,182,
49,97,0,6,182,
45,93,0,6,182,
4,113,1,6,10,guildchest
355,442,0,9,189,
352,449,0,9,189,
41,485,0,8,167,
35,488,0,8,167,
38,492,0,8,167,
36,491,0,8,167,
396,144,0,4,188,
402,205,0,8,157,
437,5,0,9,157,
355,295,0,7,10,thecountess
303,460,0,5,129,
282,19,2,6,10,guildchest
303,434,0,5,156,
217,445,0,5,130,
215,431,0,5,102,
219,459,0,5,118,
321,141,0,7,10,willis
115,57,0,8,101,
381,466,0,9,188,
371,492,0,9,188,
358,509,0,9,188,
285,51,0,7,10,iceghost1
320,148,0,7,10,Billiam
344,95,0,7,10,zer1
199,11,0,7,10,Jesus
35,71,1,7,10,guildchest
134,208,0,7,10,guildchest
325,148,0,7,10,Villhelm
201,210,0,9,59,
424,39,0,5,10,guildchest
380,153,0,7,10,figaro
232,373,0,6,187,
414,436,0,4,190,
422,436,0,4,190,
377,299,0,7,10,strahd
325,150,0,7,10,liam
135,177,0,5,10,guildchest
228,428,0,7,191,
242,395,0,7,191,
242,123,0,7,10,greenpeace
46,294,0,8,191,
74,306,0,8,191,
64,347,0,8,191,
26,290,0,8,183,
27,294,0,8,183,
349,292,0,7,10,LichBro
203,44,0,7,10,guildchest
329,117,0,7,10,Fred
349,115,0,7,10,smithy
25,153,0,1,183,
143,148,0,1,183,
161,121,0,1,183,
483,10,0,9,149,
479,11,0,9,149,
190,114,0,7,73,
189,105,0,7,74,
391,389,0,1,189,
376,376,0,1,189,
373,413,0,1,189,
391,391,0,1,189,
374,395,0,1,118,
362,401,0,1,118,
360,443,0,1,118,
283,499,0,6,10,guildchest
61,292,0,7,10,guildchest
29,456,0,5,10,guildchest
334,388,0,7,157,
338,202,0,4,87,
320,186,0,4,99,
328,220,0,4,190,
329,226,0,4,190,
443,138,0,7,63,
442,137,0,7,63,
442,137,0,7,63,
414,182,0,7,64,
442,480,0,7,73,
432,461,0,7,73,
176,17,0,7,17,
165,13,0,7,17,
165,8,0,7,17,
240,457,0,7,18,
253,454,0,7,18,
222,465,0,7,18,
183,437,0,7,135,
318,154,0,7,10,Bilbo
221,227,0,5,10,spy12
19,403,0,6,18,
13,397,1,6,18,
11,401,0,6,18,
369,304,0,7,10,UndeadLt
234,9,1,5,10,guildchest
272,309,0,5,10,guildchest
483,69,0,7,190,
489,69,0,7,190,
487,77,0,7,190,
489,69,0,7,190,
355,338,1,7,10,guildchest
74,413,0,6,130,
75,409,0,6,130,
119,472,0,6,188,
103,476,0,6,188,
85,446,0,6,191,
85,457,0,6,110,
97,465,0,6,110,
107,449,0,6,110,
59,215,0,6,140,
51,214,0,6,140,
447,167,0,7,73,
434,167,0,7,73,
436,165,0,7,74,
334,55,0,4,125,
415,23,0,2,142,
397,23,0,2,142,
253,12,0,2,95,
214,311,0,3,17,
218,316,0,3,17,
209,312,0,3,18,
202,376,0,1,194,
194,389,0,1,194,
206,397,0,1,194,
192,386,0,1,194,
167,364,0,1,194,
214,422,0,1,194,
159,331,0,1,193,
163,335,0,1,193,
238,296,1,6,192,
228,282,0,6,192,
5,79,0,6,192,
9,157,0,6,192,
324,57,1,7,10,Travis2003
304,161,0,7,194,
303,242,0,5,118,
349,127,0,7,10,natsuko
445,407,0,8,110,
424,412,0,8,110,
457,335,0,8,109,
87,307,0,8,191,
73,330,0,8,191,
328,154,0,7,10,Billie
228,63,0,8,193,
233,94,0,8,193,
232,116,0,8,193,
231,106,0,8,193,
220,82,0,8,193,
249,57,0,8,193,
256,107,0,8,193,
252,129,0,8,193,
47,155,0,5,10,guildchest
153,72,0,1,118,
137,54,0,1,118,
103,77,0,1,118,
107,84,0,1,189,
122,151,0,1,183,
53,156,0,1,183,
119,118,0,1,118,
127,107,0,1,118,
131,86,0,1,118,
160,104,0,1,189,
124,67,0,1,118,
118,33,0,1,118,
18,452,0,8,168,
2,411,0,8,104,
46,421,0,8,104,
45,454,0,8,104,
316,143,0,4,190,
306,136,0,4,190,
419,496,0,8,94,
432,495,0,8,94,
399,455,0,8,94,
410,456,0,8,94,
443,470,0,8,94,
458,482,0,8,94,
437,483,0,8,94,
433,497,0,8,69,
419,495,0,8,69,
406,369,0,4,62,
420,395,0,4,62,
447,382,0,4,62,
479,406,0,4,62,
407,343,0,4,83,
419,357,0,4,83,
437,366,0,4,83,
430,341,0,4,83,
422,317,0,4,83,
391,349,0,4,62,
411,196,0,4,109,
450,207,0,4,109,
427,194,0,4,109,
492,248,0,4,110,
494,270,0,4,113,
482,276,0,4,113,
468,280,0,4,113,
467,249,0,4,110,
456,233,0,4,110,
452,248,0,4,109,
429,244,0,4,110,
414,223,0,4,110,
442,280,0,4,110,
164,52,0,9,59,
142,50,0,9,59,
142,42,0,9,59,
128,50,0,9,59,
142,34,0,9,59,
142,26,0,9,59,
153,32,0,9,59,
402,314,0,5,100,
402,331,0,5,100,
166,20,0,8,101,
157,31,0,8,101,
100,59,0,8,101,
105,25,0,8,100,
114,12,0,8,100,
123,8,0,8,100,
130,32,0,8,100,
116,36,0,8,100,
332,16,0,7,115,
330,21,0,7,115,
445,108,0,7,7,
457,105,0,7,7,
42,45,0,8,32,
43,81,0,8,32,
29,77,0,8,32,
27,43,0,8,32,
225,318,0,5,10,guildchest
9,475,0,5,122,
8,475,0,5,123,
13,473,0,5,10,guildchest
15,474,1,5,10,guildchest
14,476,0,5,15,
488,16,1,6,10,guildchest
283,79,0,7,10,spectre3
440,410,0,9,170,
455,423,0,9,170,
472,405,0,9,170,
440,434,0,9,170,
468,434,0,9,170,
481,433,0,9,170,
440,488,0,9,172,
444,473,0,9,172,
463,457,0,9,172,
427,445,0,9,172,
424,502,0,9,172,
469,447,0,9,172,
442,447,0,9,172,
492,203,0,4,114,
481,324,0,4,114,
478,306,0,4,110,
435,48,1,4,10,guildchest
429,58,1,4,54,
429,60,1,4,54,
433,56,1,4,10,townguard
438,56,1,4,138,
98,391,0,8,155,
455,48,0,4,10,guildchest
449,56,1,4,70,
88,24,1,8,10,bengalbaysign
421,498,0,5,10,guildchest
204,8,0,8,101,
217,8,0,8,101,
231,10,0,8,101,
218,24,0,8,101,
247,7,0,8,101,
260,7,0,8,101,
258,42,0,8,101,
247,34,0,8,101,
240,44,0,8,101,
225,42,0,8,101,
208,40,0,8,101,
256,22,0,8,101,
250,21,0,8,100,
229,18,0,8,100,
231,27,0,8,101,
224,22,0,8,160,
223,12,0,8,160,
252,8,0,8,160,
251,37,0,8,160,
217,41,0,8,160,
146,41,0,8,100,
140,51,0,8,100,
126,51,0,8,100,
94,43,0,8,100,
137,27,0,8,160,
136,37,0,8,160,
125,43,0,8,160,
151,25,0,8,160,
91,93,0,8,102,
104,100,0,8,102,
129,90,0,8,101,
114,86,0,8,101,
143,81,0,8,101,
149,73,0,8,101,
178,92,0,8,101,
180,98,0,8,160,
170,96,0,8,160,
177,72,0,8,193,
192,57,0,8,193,
215,66,0,8,193,
204,67,0,8,193,
198,78,0,8,193,
213,95,0,8,193,
202,83,0,8,160,
221,81,0,8,160,
110,403,0,8,155,
82,403,0,8,155,
109,381,0,8,155,
107,392,0,8,155,
96,403,0,8,155,
96,381,0,8,155,
118,392,0,8,155,
125,392,0,8,155,
139,189,0,4,75,
127,187,0,4,75,
480,349,0,4,62,
485,342,0,4,62,
498,356,0,4,62,
471,265,0,5,100,
460,254,0,5,100,
447,249,0,5,100,
451,262,0,5,100,
296,52,0,7,15,
285,91,0,7,15,
455,21,0,9,157,
474,314,0,9,130,
461,322,0,9,130,
457,303,0,9,130,
458,280,0,9,130,
445,324,0,9,67,
445,324,0,9,67,
417,324,0,9,67,
423,322,0,9,94,
403,310,0,9,94,
393,326,0,9,94,
394,344,0,9,94,
393,358,0,9,194,
391,291,0,9,94,
402,266,0,9,94,
422,285,0,9,194,
418,249,0,9,194,
454,272,0,9,194,
421,192,0,8,129,
415,193,0,8,129,
410,186,0,8,137,
391,175,0,8,137,
384,178,0,8,130,
384,179,0,8,150,
88,151,0,8,190,
102,157,0,8,190,
100,142,0,8,190,
113,139,0,8,190,
111,140,0,8,191,
98,141,0,8,193,
102,157,0,8,193,
93,167,0,8,193,
104,168,0,8,193,
182,179,0,8,191,
195,152,0,8,190,
195,175,0,8,190,
195,135,0,8,190,
172,135,0,8,190,
184,144,0,8,190,
178,150,0,8,191,
253,169,0,8,183,
261,166,0,8,183,
255,169,0,8,161,
255,169,0,8,141,
255,163,0,8,141,
448,245,0,9,186,
506,235,0,9,189,
1,4,3,6,10,guildchest
433,326,0,4,10,guildchest
17,13,0,10,10,archtut
17,11,0,10,11,wartut
17,16,0,10,10,magetut
23,8,3,6,33,
20,8,3,6,33,
35,19,3,6,10,karlsign
330,486,0,5,10,guildchest
491,493,0,10,12,
410,222,0,5,10,guildchest
294,360,0,4,146,
294,362,0,4,146,
294,362,0,4,146,
305,135,0,7,10,mcgrew
295,328,1,4,10,guildchest
269,280,1,7,10,guildchest
195,405,0,6,10,guildchest
443,229,1,7,10,guildchest
445,229,0,7,10,guildchest
29,364,0,8,150,
25,362,0,8,150,
359,258,0,4,150,
359,258,0,4,150,
72,90,0,6,127,
72,90,0,6,127,
315,23,0,7,10,skellington
255,87,0,7,10,stevo
235,419,0,5,145,
247,101,0,2,67,
217,99,0,2,67,
236,99,0,2,69,
226,87,0,2,69,
219,99,0,2,69,
235,86,0,2,69,
225,100,0,2,67,
225,88,0,2,67,
361,261,0,8,37,
365,257,0,8,37,
371,261,0,8,37,
303,391,0,8,128,
333,370,0,8,128,
334,359,0,8,128,
14,482,0,9,195,
15,504,0,9,195,
109,358,0,9,195,
351,79,0,7,10,questmaster
302,62,0,7,10,guildchest
197,376,0,6,195,
209,382,0,6,195,
193,339,0,6,195,
220,383,0,6,195,
31,353,0,7,195,
30,336,0,7,195,
44,326,0,7,195,
8,502,0,4,195,
50,490,0,4,195,
76,504,0,4,195,
115,505,0,4,195,
49,9,0,5,193,
56,8,0,5,193,
237,18,0,5,10,vitalityvendor
217,245,0,5,10,kral
402,109,0,7,10,Morty
324,53,1,7,10,travis2004
157,10,0,8,101,
161,20,0,8,101,
157,36,0,8,101,
148,47,0,8,101,
168,17,0,8,101,
102,63,0,8,101,
117,58,0,8,101,
111,42,0,8,101,
100,8,0,8,193,
128,35,0,8,193,
232,24,0,8,193,
228,28,0,8,193,
217,43,0,8,193,
189,54,0,6,177,
195,31,0,6,177,
207,68,0,6,177,
258,277,0,6,178,
288,263,0,6,178,
306,256,0,6,178,
83,332,0,6,176,
85,330,0,6,176,
28,333,0,6,176,
47,342,0,6,176,
53,324,0,6,176,
61,320,0,6,176,
202,405,1,6,178,
192,410,0,6,176,
210,401,1,6,178,
352,54,0,7,10,potsy
69,488,0,6,128,
52,478,0,6,177,
56,468,0,6,177,
71,421,0,6,178,
42,199,0,5,177,
38,215,0,5,177,
58,213,0,5,177,
354,54,0,7,10,ralph
285,259,0,6,178,
368,56,0,6,176,
382,61,0,6,177,
390,52,0,6,178,
390,56,0,6,178,
388,40,0,6,178,
388,43,0,6,178,
380,33,0,6,176,
381,33,0,6,176,
190,103,0,8,193,
172,101,0,8,193,
182,98,0,8,193,
171,95,0,8,193,
185,91,0,8,193,
157,89,0,8,193,
240,85,0,8,102,
24,501,0,7,102,
492,505,0,5,102,
225,9,0,6,118,
210,10,0,6,118,
221,10,0,6,118,
235,9,0,6,118,
227,15,0,6,118,
234,14,0,6,118,
214,133,0,7,180,guildchest
214,136,0,7,180,
213,133,0,7,180,
213,134,0,7,180,
486,450,0,8,88,
488,452,0,8,88,
482,451,0,8,62,
218,108,1,2,67,
234,112,1,2,67,
241,109,1,2,67,
286,53,0,7,2,chest
458,398,0,4,110,
220,480,0,8,177,
221,478,0,8,177,
213,459,0,8,176,
214,460,0,8,177,
226,460,0,8,176,
226,460,0,8,177,
228,445,0,8,178,
228,445,0,8,177,
228,445,0,8,177,
214,444,0,8,177,
214,441,0,8,177,
193,444,0,8,177,
198,449,0,8,176,
175,442,0,8,177,
177,440,0,8,177,
159,439,0,8,177,
164,438,0,8,176,
168,451,0,8,177,
154,450,0,8,176,
155,451,0,8,177,
155,451,0,8,177,
139,420,0,8,195,
138,418,0,8,195,
146,455,0,8,188,
418,490,0,9,194,
426,477,0,9,194,
426,477,0,9,194,
468,417,0,9,189,
497,406,0,9,183,
510,437,0,9,184,
347,277,0,7,10,dracula
325,208,0,5,75,
325,208,0,5,75,
306,202,0,5,75,
307,191,0,5,75,
307,191,0,5,75,
298,179,0,5,195,
311,196,0,5,76,
311,196,0,5,75,
317,188,0,5,100,
317,188,0,5,100,
291,199,0,5,109,
315,224,0,5,109,
287,221,0,5,110,
290,226,0,5,110,
25,153,0,7,129,
43,162,0,7,129,
43,164,0,7,129,
284,416,0,5,197,
283,414,0,5,197,
292,417,0,5,197,
283,420,0,5,197,
259,419,0,5,196,
258,418,0,5,196,
256,420,0,5,196,
240,420,0,5,186,
238,437,0,5,192,
243,436,0,5,191,
258,438,0,5,191,
286,432,0,5,156,
286,443,0,5,156,
296,443,0,5,156,
293,435,0,5,185,
242,458,0,5,188,
242,468,0,5,188,
303,461,0,5,189,
274,457,0,5,187,
293,459,0,5,183,
154,225,0,4,197,
143,227,0,4,197,
151,233,0,4,197,
126,194,0,4,197,
140,194,0,4,197,
140,194,0,4,197,
148,196,0,4,197,
136,200,0,4,197,
125,201,0,4,197,
152,227,0,4,195,
130,214,0,4,125,
299,192,0,5,101,
299,192,0,5,101,
299,192,0,5,101,
338,355,0,8,186,
8,419,0,5,10,guildchest
351,68,0,7,10,fonz
169,113,0,2,182,
174,123,0,2,182,
165,136,0,2,182,
490,69,0,7,190,
484,70,0,7,190,
468,449,0,2,190,
481,450,0,2,190,
476,449,0,2,190,
497,449,0,2,190,
491,449,0,2,190,
493,456,0,2,190,
500,444,0,2,190,
493,455,0,2,190,
130,249,0,5,10,crovax
477,157,0,8,136,
475,149,0,8,136,
216,179,0,4,136,
217,182,0,4,136,
220,177,0,4,136,
216,179,0,4,136,
218,183,0,4,136,
470,451,0,2,190,
492,447,0,2,190,
496,456,0,2,190,
489,453,0,2,190,
417,10,0,2,142,
397,14,0,2,142,
405,37,0,2,142,
417,41,0,2,142,
396,46,0,2,142,
407,50,0,2,142,
415,7,0,2,142,
174,102,0,8,193,
188,103,0,8,193,
149,3,1,5,10,guildchest
152,15,1,5,10,
445,102,0,7,7,
460,110,0,7,7,
443,112,0,7,8,
30,97,0,5,139,
23,101,0,5,139,
